255, 255, 255
255, 255, 255
255, 255, 255
255, 255, 255
255, 255, 255
255, 255, 255
255, 255, 255
255, 255, 255
255, 255, 255
255, 255, 255
255, 255, 255
255, 255, 255
255, 255, 255
255, 255, 255
255, 255, 255
255, 255, 255
255, 255, 255
255, 255, 255
255, 255, 255
255, 255, 255
255, 255, 255
255, 255, 255
255, 255, 255
255, 255, 255
255, 255, 255
255, 255, 255
255, 255, 255
255, 255, 255
255, 255, 255
255, 255, 255
255, 255, 255
255, 255, 255
255, 255, 255
255, 255, 255
255, 255, 255
255, 255, 255
255, 255, 255
255, 255, 255
255, 255, 255
255, 255, 255
73, 73, 73
9, 9, 9
35, 35, 35
232, 232, 232
179, 179, 179
0, 0, 0
143, 143, 143
193, 193, 193
0, 0, 0
153, 153, 153
236, 236, 236
14, 14, 14
20, 20, 20
213, 213, 213
190, 190, 190
33, 33, 33
0, 0, 0
132, 132, 132
248, 248, 248
18, 18, 18
51, 51, 51
161, 161, 161
0, 0, 0
143, 143, 143
211, 211, 211
0, 0, 0
158, 158, 158
215, 215, 215
0, 0, 0
123, 123, 123
217, 217, 217
0, 0, 0
117, 117, 117
213, 213, 213
29, 29, 29
12, 12, 12
196, 196, 196
154, 154, 154
5, 5, 5
49, 49, 49
107, 107, 107
178, 178, 178
5, 5, 5
75, 75, 75
232, 232, 232
3, 3, 3
93, 93, 93
249, 249, 249
30, 30, 30
27, 27, 27
214, 214, 214
187, 187, 187
10, 10, 10
21, 21, 21
2, 2, 2
19, 19, 19
151, 151, 151
242, 242, 242
96, 96, 96
0, 0, 0
204, 204, 204
176, 176, 176
0, 0, 0
119, 119, 119
246, 246, 246
18, 18, 18
79, 79, 79
248, 248, 248
30, 30, 30
42, 42, 42
249, 249, 249
60, 60, 60
27, 27, 27
230, 230, 230
137, 137, 137
0, 0, 0
63, 63, 63
255, 255, 255
100, 100, 100
0, 0, 0
1, 1, 1
102, 102, 102
36, 36, 36
13, 13, 13
230, 230, 230
36, 36, 36
14, 14, 14
232, 232, 232
192, 192, 192
1, 1, 1
36, 36, 36
255, 255, 255
122, 122, 122
0, 0, 0
7, 7, 7
211, 211, 211
229, 229, 229
49, 49, 49
0, 0, 0
77, 77, 77
255, 255, 255
76, 76, 76
0, 0, 0
41, 41, 41
255, 255, 255
94, 94, 94
0, 0, 0
229, 229, 229
105, 105, 105
0, 0, 0
229, 229, 229
144, 144, 144
0, 0, 0
8, 8, 8
0, 0, 0
0, 0, 0
0, 0, 0
55, 55, 55
17, 17, 17
0, 0, 0
53, 53, 53
0, 0, 0
0, 0, 0
4, 4, 4
216, 216, 216
178, 178, 178
8, 8, 8
47, 47, 47
240, 240, 240
124, 124, 124
0, 0, 0
182, 182, 182
121, 121, 121
0, 0, 0
104, 104, 104
253, 253, 253
31, 31, 31
3, 3, 3
134, 134, 134
248, 248, 248
157, 157, 157
1, 1, 1
0, 0, 0
10, 10, 10
236, 236, 236
99, 99, 99
4, 4, 4
231, 231, 231
89, 89, 89
7, 7, 7
239, 239, 239
109, 109, 109
2, 2, 2
48, 48, 48
117, 117, 117
119, 119, 119
51, 51, 51
12, 12, 12
54, 54, 54
126, 126, 126
255, 255, 255
191, 191, 191
18, 18, 18
0, 0, 0
88, 88, 88
255, 255, 255
152, 152, 152
0, 0, 0
141, 141, 141
203, 203, 203
0, 0, 0
16, 16, 16
0, 0, 0
43, 43, 43
245, 245, 245
155, 155, 155
0, 0, 0
146, 146, 146
255, 255, 255
90, 90, 90
0, 0, 0
22, 22, 22
15, 15, 15
37, 37, 37
239, 239, 239
32, 32, 32
70, 70, 70
252, 252, 252
23, 23, 23
52, 52, 52
251, 251, 251
27, 27, 27
53, 53, 53
255, 255, 255
255, 255, 255
234, 234, 234
240, 240, 240
247, 247, 247
255, 255, 255
243, 243, 243
64, 64, 64
220, 220, 220
216, 216, 216
71, 71, 71
0, 0, 0
145, 145, 145
242, 242, 242
2, 2, 2
97, 97, 97
231, 231, 231
5, 5, 5
0, 0, 0
103, 103, 103
230, 230, 230
176, 176, 176
13, 13, 13
19, 19, 19
247, 247, 247
108, 108, 108
0, 0, 0
94, 94, 94
199, 199, 199
10, 10, 10
83, 83, 83
252, 252, 252
18, 18, 18
74, 74, 74
255, 255, 255
26, 26, 26
41, 41, 41
254, 254, 254
56, 56, 56
25, 25, 25
99, 99, 99
27, 27, 27
0, 0, 0
25, 25, 25
85, 85, 85
68, 68, 68
4, 4, 4
0, 0, 0
17, 17, 17
156, 156, 156
202, 202, 202
33, 33, 33
12, 12, 12
232, 232, 232
35, 35, 35
38, 38, 38
141, 141, 141
0, 0, 0
113, 113, 113
255, 255, 255
97, 97, 97
0, 0, 0
36, 36, 36
200, 200, 200
219, 219, 219
0, 0, 0
75, 75, 75
255, 255, 255
131, 131, 131
0, 0, 0
62, 62, 62
255, 255, 255
97, 97, 97
4, 4, 4
221, 221, 221
118, 118, 118
0, 0, 0
214, 214, 214
169, 169, 169
0, 0, 0
0, 0, 0
70, 70, 70
121, 121, 121
84, 84, 84
21, 21, 21
29, 29, 29
102, 102, 102
184, 184, 184
7, 7, 7
0, 0, 0
0, 0, 0
8, 8, 8
0, 0, 0
165, 165, 165
147, 147, 147
0, 0, 0
0, 0, 0
4, 4, 4
230, 230, 230
203, 203, 203
0, 0, 0
61, 61, 61
242, 242, 242
217, 217, 217
50, 50, 50
0, 0, 0
196, 196, 196
185, 185, 185
0, 0, 0
3, 3, 3
9, 9, 9
230, 230, 230
173, 173, 173
0, 0, 0
167, 167, 167
182, 182, 182
0, 0, 0
151, 151, 151
190, 190, 190
0, 0, 0
132, 132, 132
255, 255, 255
254, 254, 254
227, 227, 227
228, 228, 228
255, 255, 255
255, 255, 255
239, 239, 239
10, 10, 10
64, 64, 64
133, 133, 133
9, 9, 9
0, 0, 0
14, 14, 14
78, 78, 78
2, 2, 2
33, 33, 33
165, 165, 165
243, 243, 243
63, 63, 63
11, 11, 11
232, 232, 232
164, 164, 164
4, 4, 4
7, 7, 7
139, 139, 139
255, 255, 255
43, 43, 43
37, 37, 37
102, 102, 102
0, 0, 0
197, 197, 197
154, 154, 154
0, 0, 0
195, 195, 195
142, 142, 142
0, 0, 0
4, 4, 4
2, 2, 2
0, 0, 0
69, 69, 69
83, 83, 83
19, 19, 19
0, 0, 0
25, 25, 25
79, 79, 79
78, 78, 78
216, 216, 216
0, 0, 0
123, 123, 123
251, 251, 251
5, 5, 5
59, 59, 59
29, 29, 29
0, 0, 0
0, 0, 0
111, 111, 111
211, 211, 211
44, 44, 44
0, 0, 0
119, 119, 119
255, 255, 255
20, 20, 20
14, 14, 14
211, 211, 211
249, 249, 249
98, 98, 98
0, 0, 0
79, 79, 79
87, 87, 87
5, 5, 5
234, 234, 234
90, 90, 90
3, 3, 3
239, 239, 239
80, 80, 80
0, 0, 0
61, 61, 61
76, 76, 76
32, 32, 32
0, 0, 0
3, 3, 3
60, 60, 60
93, 93, 93
53, 53, 53
4, 4, 4
6, 6, 6
231, 231, 231
37, 37, 37
42, 42, 42
253, 253, 253
56, 56, 56
42, 42, 42
223, 223, 223
152, 152, 152
57, 57, 57
0, 0, 0
5, 5, 5
23, 23, 23
143, 143, 143
253, 253, 253
134, 134, 134
0, 0, 0
165, 165, 165
224, 224, 224
36, 36, 36
1, 1, 1
28, 28, 28
0, 0, 0
0, 0, 0
0, 0, 0
125, 125, 125
90, 90, 90
2, 2, 2
228, 228, 228
111, 111, 111
0, 0, 0
190, 190, 190
251, 251, 251
251, 251, 251
222, 222, 222
215, 215, 215
220, 220, 220
249, 249, 249
255, 255, 255
235, 235, 235
201, 201, 201
239, 239, 239
86, 86, 86
0, 0, 0
240, 240, 240
115, 115, 115
0, 0, 0
87, 87, 87
212, 212, 212
255, 255, 255
62, 62, 62
0, 0, 0
70, 70, 70
202, 202, 202
86, 86, 86
0, 0, 0
50, 50, 50
255, 255, 255
88, 88, 88
0, 0, 0
111, 111, 111
250, 250, 250
198, 198, 198
159, 159, 159
57, 57, 57
0, 0, 0
20, 20, 20
0, 0, 0
135, 135, 135
211, 211, 211
8, 8, 8
3, 3, 3
20, 20, 20
85, 85, 85
105, 105, 105
39, 39, 39
0, 0, 0
20, 20, 20
80, 80, 80
79, 79, 79
27, 27, 27
254, 254, 254
44, 44, 44
33, 33, 33
251, 251, 251
71, 71, 71
10, 10, 10
0, 0, 0
0, 0, 0
154, 154, 154
234, 234, 234
66, 66, 66
3, 3, 3
0, 0, 0
0, 0, 0
89, 89, 89
236, 236, 236
198, 198, 198
8, 8, 8
0, 0, 0
8, 8, 8
103, 103, 103
162, 162, 162
208, 208, 208
248, 248, 248
103, 103, 103
0, 0, 0
0, 0, 0
0, 0, 0
65, 65, 65
16, 16, 16
42, 42, 42
69, 69, 69
5, 5, 5
0, 0, 0
39, 39, 39
91, 91, 91
63, 63, 63
0, 0, 0
0, 0, 0
0, 0, 0
230, 230, 230
0, 0, 0
105, 105, 105
243, 243, 243
2, 2, 2
105, 105, 105
221, 221, 221
42, 42, 42
0, 0, 0
167, 167, 167
254, 254, 254
132, 132, 132
0, 0, 0
136, 136, 136
255, 255, 255
128, 128, 128
10, 10, 10
17, 17, 17
186, 186, 186
82, 82, 82
0, 0, 0
0, 0, 0
0, 0, 0
100, 100, 100
255, 255, 255
214, 214, 214
167, 167, 167
109, 109, 109
0, 0, 0
0, 0, 0
100, 100, 100
204, 204, 204
204, 204, 204
224, 224, 224
255, 255, 255
255, 255, 255
116, 116, 116
0, 0, 0
0, 0, 0
17, 17, 17
227, 227, 227
2, 2, 2
93, 93, 93
247, 247, 247
18, 18, 18
38, 38, 38
200, 200, 200
227, 227, 227
32, 32, 32
0, 0, 0
58, 58, 58
37, 37, 37
12, 12, 12
137, 137, 137
71, 71, 71
0, 0, 0
0, 0, 0
17, 17, 17
184, 184, 184
255, 255, 255
235, 235, 235
191, 191, 191
73, 73, 73
0, 0, 0
59, 59, 59
149, 149, 149
193, 193, 193
253, 253, 253
170, 170, 170
19, 19, 19
0, 0, 0
0, 0, 0
32, 32, 32
160, 160, 160
168, 168, 168
85, 85, 85
0, 0, 0
49, 49, 49
179, 179, 179
236, 236, 236
233, 233, 233
63, 63, 63
18, 18, 18
247, 247, 247
93, 93, 93
0, 0, 0
18, 18, 18
131, 131, 131
43, 43, 43
0, 0, 0
0, 0, 0
0, 0, 0
0, 0, 0
0, 0, 0
12, 12, 12
24, 24, 24
2, 2, 2
0, 0, 0
0, 0, 0
59, 59, 59
101, 101, 101
169, 169, 169
255, 255, 255
128, 128, 128
13, 13, 13
0, 0, 0
0, 0, 0
43, 43, 43
221, 221, 221
235, 235, 235
175, 175, 175
133, 133, 133
27, 27, 27
0, 0, 0
0, 0, 0
0, 0, 0
61, 61, 61
247, 247, 247
237, 237, 237
89, 89, 89
236, 236, 236
94, 94, 94
0, 0, 0
234, 234, 234
115, 115, 115
0, 0, 0
0, 0, 0
0, 0, 0
17, 17, 17
106, 106, 106
130, 130, 130
77, 77, 77
67, 67, 67
166, 166, 166
248, 248, 248
247, 247, 247
221, 221, 221
203, 203, 203
76, 76, 76
0, 0, 0
0, 0, 0
0, 0, 0
111, 111, 111
253, 253, 253
248, 248, 248
227, 227, 227
128, 128, 128
0, 0, 0
10, 10, 10
123, 123, 123
183, 183, 183
234, 234, 234
232, 232, 232
54, 54, 54
0, 0, 0
0, 0, 0
8, 8, 8
102, 102, 102
53, 53, 53
0, 0, 0
250, 250, 250
36, 36, 36
42, 42, 42
252, 252, 252
53, 53, 53
39, 39, 39
210, 210, 210
202, 202, 202
236, 236, 236
224, 224, 224
204, 204, 204
230, 230, 230
241, 241, 241
190, 190, 190
96, 96, 96
83, 83, 83
137, 137, 137
138, 138, 138
59, 59, 59
3, 3, 3
0, 0, 0
0, 0, 0
0, 0, 0
32, 32, 32
86, 86, 86
136, 136, 136
245, 245, 245
187, 187, 187
35, 35, 35
0, 0, 0
0, 0, 0
7, 7, 7
167, 167, 167
251, 251, 251
187, 187, 187
149, 149, 149
66, 66, 66
0, 0, 0
0, 0, 0
82, 82, 82
232, 232, 232
0, 0, 0
102, 102, 102
246, 246, 246
12, 12, 12
24, 24, 24
100, 100, 100
138, 138, 138
83, 83, 83
0, 0, 0
0, 0, 0
0, 0, 0
12, 12, 12
0, 0, 0
0, 0, 0
3, 3, 3
0, 0, 0
0, 0, 0
0, 0, 0
0, 0, 0
34, 34, 34
82, 82, 82
72, 72, 72
40, 40, 40
6, 6, 6
0, 0, 0
40, 40, 40
219, 219, 219
255, 255, 255
233, 233, 233
183, 183, 183
35, 35, 35
0, 0, 0
76, 76, 76
149, 149, 149
208, 208, 208
255, 255, 255
129, 129, 129
10, 10, 10
4, 4, 4
237, 237, 237
16, 16, 16
65, 65, 65
252, 252, 252
43, 43, 43
0, 0, 0
2, 2, 2
0, 0, 0
0, 0, 0
88, 88, 88
142, 142, 142
103, 103, 103
69, 69, 69
132, 132, 132
225, 225, 225
184, 184, 184
0, 0, 0
62, 62, 62
74, 74, 74
0, 0, 0
2, 2, 2
111, 111, 111
230, 230, 230
242, 242, 242
241, 241, 241
149, 149, 149
0, 0, 0
4, 4, 4
74, 74, 74
116, 116, 116
212, 212, 212
237, 237, 237
71, 71, 71
1, 1, 1
0, 0, 0
0, 0, 0
104, 104, 104
215, 215, 215
108, 108, 108
4, 4, 4
228, 228, 228
90, 90, 90
3, 3, 3
237, 237, 237
116, 116, 116
1, 1, 1
190, 190, 190
214, 214, 214
232, 232, 232
239, 239, 239
200, 200, 200
217, 217, 217
242, 242, 242
213, 213, 213
120, 120, 120
58, 58, 58
0, 0, 0
136, 136, 136
230, 230, 230
1, 1, 1
28, 28, 28
0, 0, 0
14, 14, 14
35, 35, 35
91, 91, 91
233, 233, 233
193, 193, 193
79, 79, 79
35, 35, 35
0, 0, 0
2, 2, 2
150, 150, 150
255, 255, 255
239, 239, 239
208, 208, 208
104, 104, 104
0, 0, 0
4, 4, 4
2, 2, 2
0, 0, 0
231, 231, 231
97, 97, 97
1, 1, 1
244, 244, 244
126, 126, 126
0, 0, 0
81, 81, 81
154, 154, 154
132, 132, 132
19, 19, 19
0, 0, 0
0, 0, 0
9, 9, 9
0, 0, 0
0, 0, 0
0, 0, 0
0, 0, 0
161, 161, 161
217, 217, 217
0, 0, 0
148, 148, 148
143, 143, 143
0, 0, 0
10, 10, 10
0, 0, 0
45, 45, 45
212, 212, 212
253, 253, 253
255, 255, 255
206, 206, 206
33, 33, 33
0, 0, 0
63, 63, 63
109, 109, 109
174, 174, 174
255, 255, 255
97, 97, 97
0, 0, 0
0, 0, 0
1, 1, 1
247, 247, 247
27, 27, 27
45, 45, 45
184, 184, 184
36, 36, 36
0, 0, 0
0, 0, 0
0, 0, 0
0, 0, 0
60, 60, 60
139, 139, 139
127, 127, 127
76, 76, 76
108, 108, 108
179, 179, 179
21, 21, 21
38, 38, 38
246, 246, 246
87, 87, 87
5, 5, 5
220, 220, 220
176, 176, 176
0, 0, 0
149, 149, 149
157, 157, 157
0, 0, 0
0, 0, 0
28, 28, 28
66, 66, 66
185, 185, 185
237, 237, 237
87, 87, 87
0, 0, 0
0, 0, 0
0, 0, 0
60, 60, 60
26, 26, 26
0, 0, 0
1, 1, 1
0, 0, 0
236, 236, 236
12, 12, 12
11, 11, 11
0, 0, 0
10, 10, 10
81, 81, 81
213, 213, 213
224, 224, 224
223, 223, 223
255, 255, 255
230, 230, 230
228, 228, 228
253, 253, 253
249, 249, 249
147, 147, 147
0, 0, 0
140, 140, 140
212, 212, 212
0, 0, 0
94, 94, 94
255, 255, 255
43, 43, 43
23, 23, 23
251, 251, 251
127, 127, 127
4, 4, 4
78, 78, 78
19, 19, 19
0, 0, 0
3, 3, 3
122, 122, 122
47, 47, 47
0, 0, 0
0, 0, 0
0, 0, 0
0, 0, 0
52, 52, 52
197, 197, 197
163, 163, 163
6, 6, 6
104, 104, 104
42, 42, 42
0, 0, 0
53, 53, 53
149, 149, 149
108, 108, 108
91, 91, 91
139, 139, 139
146, 146, 146
63, 63, 63
7, 7, 7
5, 5, 5
22, 22, 22
11, 11, 11
0, 0, 0
0, 0, 0
148, 148, 148
186, 186, 186
0, 0, 0
178, 178, 178
213, 213, 213
0, 0, 0
95, 95, 95
137, 137, 137
5, 5, 5
20, 20, 20
74, 74, 74
1, 1, 1
3, 3, 3
0, 0, 0
0, 0, 0
26, 26, 26
155, 155, 155
214, 214, 214
200, 200, 200
204, 204, 204
245, 245, 245
181, 181, 181
120, 120, 120
28, 28, 28
0, 0, 0
0, 0, 0
0, 0, 0
19, 19, 19
11, 11, 11
0, 0, 0
0, 0, 0
0, 0, 0
0, 0, 0
0, 0, 0
0, 0, 0
0, 0, 0
61, 61, 61
103, 103, 103
120, 120, 120
0, 0, 0
123, 123, 123
209, 209, 209
0, 0, 0
77, 77, 77
99, 99, 99
0, 0, 0
3, 3, 3
0, 0, 0
0, 0, 0
0, 0, 0
0, 0, 0
120, 120, 120
221, 221, 221
221, 221, 221
212, 212, 212
250, 250, 250
206, 206, 206
117, 117, 117
120, 120, 120
131, 131, 131
53, 53, 53
0, 0, 0
0, 0, 0
0, 0, 0
12, 12, 12
70, 70, 70
108, 108, 108
38, 38, 38
0, 0, 0
22, 22, 22
138, 138, 138
201, 201, 201
157, 157, 157
30, 30, 30
6, 6, 6
179, 179, 179
250, 250, 250
161, 161, 161
64, 64, 64
4, 4, 4
206, 206, 206
168, 168, 168
0, 0, 0
0, 0, 0
0, 0, 0
0, 0, 0
0, 0, 0
97, 97, 97
211, 211, 211
194, 194, 194
226, 226, 226
239, 239, 239
145, 145, 145
123, 123, 123
149, 149, 149
102, 102, 102
0, 0, 0
0, 0, 0
0, 0, 0
0, 0, 0
11, 11, 11
121, 121, 121
213, 213, 213
216, 216, 216
148, 148, 148
234, 234, 234
187, 187, 187
41, 41, 41
7, 7, 7
208, 208, 208
234, 234, 234
111, 111, 111
28, 28, 28
0, 0, 0
143, 143, 143
255, 255, 255
68, 68, 68
0, 0, 0
0, 0, 0
97, 97, 97
253, 253, 253
42, 42, 42
0, 0, 0
25, 25, 25
173, 173, 173
181, 181, 181
32, 32, 32
12, 12, 12
102, 102, 102
132, 132, 132
112, 112, 112
19, 19, 19
0, 0, 0
0, 0, 0
0, 0, 0
0, 0, 0
94, 94, 94
208, 208, 208
231, 231, 231
216, 216, 216
241, 241, 241
234, 234, 234
133, 133, 133
108, 108, 108
13, 13, 13
18, 18, 18
0, 0, 0
2, 2, 2
144, 144, 144
249, 249, 249
45, 45, 45
0, 0, 0
50, 50, 50
170, 170, 170
255, 255, 255
118, 118, 118
0, 0, 0
29, 29, 29
0, 0, 0
170, 170, 170
200, 200, 200
0, 0, 0
50, 50, 50
2, 2, 2
44, 44, 44
221, 221, 221
207, 207, 207
4, 4, 4
0, 0, 0
0, 0, 0
0, 0, 0
40, 40, 40
173, 173, 173
233, 233, 233
212, 212, 212
223, 223, 223
255, 255, 255
175, 175, 175
117, 117, 117
139, 139, 139
121, 121, 121
13, 13, 13
0, 0, 0
0, 0, 0
4, 4, 4
2, 2, 2
127, 127, 127
226, 226, 226
241, 241, 241
77, 77, 77
0, 0, 0
153, 153, 153
247, 247, 247
173, 173, 173
74, 74, 74
0, 0, 0
47, 47, 47
178, 178, 178
0, 0, 0
151, 151, 151
200, 200, 200
0, 0, 0
174, 174, 174
180, 180, 180
0, 0, 0
51, 51, 51
255, 255, 255
58, 58, 58
7, 7, 7
163, 163, 163
219, 219, 219
248, 248, 248
191, 191, 191
111, 111, 111
119, 119, 119
127, 127, 127
45, 45, 45
0, 0, 0
0, 0, 0
0, 0, 0
0, 0, 0
52, 52, 52
182, 182, 182
234, 234, 234
0, 0, 0
160, 160, 160
255, 255, 255
133, 133, 133
19, 19, 19
0, 0, 0
92, 92, 92
255, 255, 255
91, 91, 91
0, 0, 0
4, 4, 4
73, 73, 73
230, 230, 230
172, 172, 172
0, 0, 0
165, 165, 165
218, 218, 218
0, 0, 0
50, 50, 50
255, 255, 255
98, 98, 98
0, 0, 0
228, 228, 228
177, 177, 177
0, 0, 0
31, 31, 31
144, 144, 144
78, 78, 78
0, 0, 0
0, 0, 0
0, 0, 0
0, 0, 0
15, 15, 15
136, 136, 136
240, 240, 240
237, 237, 237
231, 231, 231
255, 255, 255
204, 204, 204
110, 110, 110
112, 112, 112
255, 255, 255
83, 83, 83
0, 0, 0
47, 47, 47
155, 155, 155
253, 253, 253
129, 129, 129
0, 0, 0
23, 23, 23
68, 68, 68
101, 101, 101
159, 159, 159
47, 47, 47
1, 1, 1
72, 72, 72
58, 58, 58
0, 0, 0
0, 0, 0
157, 157, 157
213, 213, 213
0, 0, 0
73, 73, 73
239, 239, 239
175, 175, 175
17, 17, 17
0, 0, 0
5, 5, 5
104, 104, 104
212, 212, 212
229, 229, 229
214, 214, 214
241, 241, 241
225, 225, 225
125, 125, 125
106, 106, 106
126, 126, 126
82, 82, 82
2, 2, 2
0, 0, 0
255, 255, 255
115, 115, 115
0, 0, 0
116, 116, 116
255, 255, 255
193, 193, 193
89, 89, 89
0, 0, 0
0, 0, 0
0, 0, 0
0, 0, 0
0, 0, 0
0, 0, 0
0, 0, 0
0, 0, 0
0, 0, 0
0, 0, 0
0, 0, 0
0, 0, 0
63, 63, 63
255, 255, 255
118, 118, 118
0, 0, 0
43, 43, 43
245, 245, 245
165, 165, 165
0, 0, 0
140, 140, 140
254, 254, 254
139, 139, 139
88, 88, 88
112, 112, 112
86, 86, 86
7, 7, 7
0, 0, 0
0, 0, 0
0, 0, 0
0, 0, 0
0, 0, 0
9, 9, 9
42, 42, 42
0, 0, 0
58, 58, 58
255, 255, 255
112, 112, 112
0, 0, 0
0, 0, 0
64, 64, 64
113, 113, 113
142, 142, 142
210, 210, 210
226, 226, 226
177, 177, 177
125, 125, 125
162, 162, 162
228, 228, 228
230, 230, 230
174, 174, 174
77, 77, 77
1, 1, 1
127, 127, 127
251, 251, 251
135, 135, 135
0, 0, 0
104, 104, 104
242, 242, 242
8, 8, 8
40, 40, 40
48, 48, 48
0, 0, 0
0, 0, 0
0, 0, 0
0, 0, 0
31, 31, 31
0, 0, 0
114, 114, 114
161, 161, 161
0, 0, 0
42, 42, 42
43, 43, 43
38, 38, 38
147, 147, 147
249, 249, 249
142, 142, 142
0, 0, 0
0, 0, 0
40, 40, 40
146, 146, 146
218, 218, 218
201, 201, 201
127, 127, 127
101, 101, 101
165, 165, 165
213, 213, 213
181, 181, 181
98, 98, 98
93, 93, 93
171, 171, 171
176, 176, 176
20, 20, 20
0, 0, 0
89, 89, 89
255, 255, 255
64, 64, 64
9, 9, 9
246, 246, 246
135, 135, 135
0, 0, 0
0, 0, 0
126, 126, 126
129, 129, 129
0, 0, 0
178, 178, 178
165, 165, 165
0, 0, 0
184, 184, 184
164, 164, 164
0, 0, 0
169, 169, 169
246, 246, 246
247, 247, 247
228, 228, 228
129, 129, 129
0, 0, 0
0, 0, 0
0, 0, 0
0, 0, 0
0, 0, 0
0, 0, 0
0, 0, 0
0, 0, 0
0, 0, 0
0, 0, 0
0, 0, 0
0, 0, 0
0, 0, 0
0, 0, 0
0, 0, 0
0, 0, 0
0, 0, 0
8, 8, 8
0, 0, 0
224, 224, 224
154, 154, 154
0, 0, 0
104, 104, 104
255, 255, 255
152, 152, 152
2, 2, 2
80, 80, 80
134, 134, 134
0, 0, 0
203, 203, 203
180, 180, 180
0, 0, 0
160, 160, 160
184, 184, 184
0, 0, 0
25, 25, 25
35, 35, 35
121, 121, 121
7, 7, 7
0, 0, 0
42, 42, 42
111, 111, 111
189, 189, 189
224, 224, 224
181, 181, 181
115, 115, 115
135, 135, 135
211, 211, 211
230, 230, 230
179, 179, 179
121, 121, 121
158, 158, 158
230, 230, 230
234, 234, 234
174, 174, 174
135, 135, 135
194, 194, 194
201, 201, 201
3, 3, 3
112, 112, 112
254, 254, 254
83, 83, 83
0, 0, 0
76, 76, 76
253, 253, 253
96, 96, 96
4, 4, 4
152, 152, 152
5, 5, 5
115, 115, 115
241, 241, 241
14, 14, 14
67, 67, 67
240, 240, 240
25, 25, 25
3, 3, 3
69, 69, 69
0, 0, 0
0, 0, 0
86, 86, 86
218, 218, 218
243, 243, 243
183, 183, 183
137, 137, 137
187, 187, 187
240, 240, 240
227, 227, 227
154, 154, 154
122, 122, 122
189, 189, 189
236, 236, 236
210, 210, 210
118, 118, 118
109, 109, 109
196, 196, 196
228, 228, 228
181, 181, 181
87, 87, 87
3, 3, 3
0, 0, 0
148, 148, 148
255, 255, 255
110, 110, 110
0, 0, 0
160, 160, 160
196, 196, 196
0, 0, 0
91, 91, 91
43, 43, 43
38, 38, 38
255, 255, 255
64, 64, 64
8, 8, 8
242, 242, 242
66, 66, 66
18, 18, 18
243, 243, 243
0, 0, 0
0, 0, 0
0, 0, 0
19, 19, 19
17, 17, 17
0, 0, 0
0, 0, 0
0, 0, 0
0, 0, 0
0, 0, 0
0, 0, 0
0, 0, 0
0, 0, 0
0, 0, 0
0, 0, 0
0, 0, 0
0, 0, 0
0, 0, 0
0, 0, 0
0, 0, 0
0, 0, 0
10, 10, 10
0, 0, 0
0, 0, 0
135, 135, 135
245, 245, 245
11, 11, 11
63, 63, 63
255, 255, 255
102, 102, 102
0, 0, 0
5, 5, 5
51, 51, 51
255, 255, 255
54, 54, 54
28, 28, 28
240, 240, 240
48, 48, 48
0, 0, 0
23, 23, 23
1, 1, 1
123, 123, 123
51, 51, 51
0, 0, 0
0, 0, 0
0, 0, 0
88, 88, 88
184, 184, 184
122, 122, 122
136, 136, 136
210, 210, 210
233, 233, 233
183, 183, 183
123, 123, 123
159, 159, 159
225, 225, 225
40, 40, 40
27, 27, 27
127, 127, 127
21, 21, 21
40, 40, 40
209, 209, 209
30, 30, 30
0, 0, 0
9, 9, 9
243, 243, 243
89, 89, 89
0, 0, 0
131, 131, 131
255, 255, 255
126, 126, 126
0, 0, 0
94, 94, 94
244, 244, 244
7, 7, 7
83, 83, 83
230, 230, 230
7, 7, 7
43, 43, 43
59, 59, 59
4, 4, 4
195, 195, 195
246, 246, 246
197, 197, 197
159, 159, 159
46, 46, 46
0, 0, 0
111, 111, 111
188, 188, 188
209, 209, 209
154, 154, 154
122, 122, 122
180, 180, 180
229, 229, 229
205, 205, 205
118, 118, 118
1, 1, 1
79, 79, 79
255, 255, 255
30, 30, 30
42, 42, 42
255, 255, 255
43, 43, 43
0, 0, 0
0, 0, 0
160, 160, 160
236, 236, 236
60, 60, 60
0, 0, 0
106, 106, 106
255, 255, 255
50, 50, 50
42, 42, 42
225, 225, 225
5, 5, 5
83, 83, 83
236, 236, 236
1, 1, 1
78, 78, 78
255, 255, 255
0, 0, 0
1, 1, 1
78, 78, 78
126, 126, 126
193, 193, 193
247, 247, 247
97, 97, 97
0, 0, 0
0, 0, 0
0, 0, 0
0, 0, 0
0, 0, 0
0, 0, 0
3, 3, 3
0, 0, 0
0, 0, 0
9, 9, 9
32, 32, 32
250, 250, 250
99, 99, 99
3, 3, 3
213, 213, 213
142, 142, 142
0, 0, 0
0, 0, 0
6, 6, 6
167, 167, 167
251, 251, 251
69, 69, 69
0, 0, 0
221, 221, 221
158, 158, 158
0, 0, 0
106, 106, 106
57, 57, 57
17, 17, 17
241, 241, 241
94, 94, 94
3, 3, 3
81, 81, 81
21, 21, 21
57, 57, 57
9, 9, 9
0, 0, 0
0, 0, 0
146, 146, 146
255, 255, 255
211, 211, 211
173, 173, 173
86, 86, 86
0, 0, 0
23, 23, 23
61, 61, 61
40, 40, 40
106, 106, 106
218, 218, 218
157, 157, 157
0, 0, 0
166, 166, 166
199, 199, 199
0, 0, 0
131, 131, 131
237, 237, 237
1, 1, 1
60, 60, 60
46, 46, 46
0, 0, 0
179, 179, 179
203, 203, 203
0, 0, 0
131, 131, 131
255, 255, 255
58, 58, 58
0, 0, 0
14, 14, 14
0, 0, 0
192, 192, 192
126, 126, 126
0, 0, 0
0, 0, 0
50, 50, 50
246, 246, 246
239, 239, 239
209, 209, 209
70, 70, 70
0, 0, 0
52, 52, 52
118, 118, 118
165, 165, 165
249, 249, 249
156, 156, 156
17, 17, 17
0, 0, 0
0, 0, 0
42, 42, 42
202, 202, 202
221, 221, 221
0, 0, 0
123, 123, 123
211, 211, 211
0, 0, 0
135, 135, 135
221, 221, 221
0, 0, 0
163, 163, 163
190, 190, 190
0, 0, 0
60, 60, 60
255, 255, 255
55, 55, 55
4, 4, 4
155, 155, 155
247, 247, 247
103, 103, 103
0, 0, 0
4, 4, 4
66, 66, 66
2, 2, 2
7, 7, 7
108, 108, 108
0, 0, 0
28, 28, 28
64, 64, 64
176, 176, 176
255, 255, 255
105, 105, 105
16, 16, 16
0, 0, 0
0, 0, 0
67, 67, 67
242, 242, 242
242, 242, 242
211, 211, 211
148, 148, 148
12, 12, 12
6, 6, 6
69, 69, 69
0, 0, 0
196, 196, 196
160, 160, 160
0, 0, 0
192, 192, 192
158, 158, 158
0, 0, 0
206, 206, 206
165, 165, 165
0, 0, 0
6, 6, 6
211, 211, 211
230, 230, 230
34, 34, 34
0, 0, 0
149, 149, 149
255, 255, 255
25, 25, 25
0, 0, 0
0, 0, 0
0, 0, 0
39, 39, 39
142, 142, 142
100, 100, 100
58, 58, 58
8, 8, 8
0, 0, 0
130, 130, 130
245, 245, 245
240, 240, 240
226, 226, 226
125, 125, 125
0, 0, 0
23, 23, 23
105, 105, 105
145, 145, 145
230, 230, 230
216, 216, 216
43, 43, 43
0, 0, 0
0, 0, 0
215, 215, 215
158, 158, 158
0, 0, 0
176, 176, 176
194, 194, 194
0, 0, 0
150, 150, 150
214, 214, 214
5, 5, 5
0, 0, 0
30, 30, 30
188, 188, 188
229, 229, 229
39, 39, 39
30, 30, 30
129, 129, 129
5, 5, 5
0, 0, 0
41, 41, 41
42, 42, 42
27, 27, 27
47, 47, 47
231, 231, 231
255, 255, 255
233, 233, 233
65, 65, 65
0, 0, 0
17, 17, 17
52, 52, 52
120, 120, 120
249, 249, 249
169, 169, 169
42, 42, 42
0, 0, 0
0, 0, 0
14, 14, 14
178, 178, 178
255, 255, 255
184, 184, 184
5, 5, 5
105, 105, 105
232, 232, 232
10, 10, 10
70, 70, 70
255, 255, 255
46, 46, 46
22, 22, 22
244, 244, 244
66, 66, 66
1, 1, 1
2, 2, 2
4, 4, 4
228, 228, 228
177, 177, 177
0, 0, 0
0, 0, 0
52, 52, 52
167, 167, 167
251, 251, 251
149, 149, 149
0, 0, 0
0, 0, 0
14, 14, 14
47, 47, 47
167, 167, 167
253, 253, 253
134, 134, 134
67, 67, 67
26, 26, 26
0, 0, 0
67, 67, 67
231, 231, 231
250, 250, 250
232, 232, 232
173, 173, 173
19, 19, 19
0, 0, 0
86, 86, 86
131, 131, 131
20, 20, 20
20, 20, 20
247, 247, 247
66, 66, 66
8, 8, 8
249, 249, 249
102, 102, 102
0, 0, 0
229, 229, 229
89, 89, 89
14, 14, 14
151, 151, 151
5, 5, 5
108, 108, 108
135, 135, 135
0, 0, 0
39, 39, 39
243, 243, 243
218, 218, 218
111, 111, 111
20, 20, 20
0, 0, 0
18, 18, 18
0, 0, 0
0, 0, 0
0, 0, 0
117, 117, 117
213, 213, 213
237, 237, 237
251, 251, 251
133, 133, 133
0, 0, 0
4, 4, 4
52, 52, 52
94, 94, 94
210, 210, 210
220, 220, 220
81, 81, 81
20, 20, 20
0, 0, 0
0, 0, 0
27, 27, 27
240, 240, 240
55, 55, 55
31, 31, 31
252, 252, 252
64, 64, 64
25, 25, 25
239, 239, 239
38, 38, 38
46, 46, 46
255, 255, 255
46, 46, 46
0, 0, 0
0, 0, 0
53, 53, 53
221, 221, 221
181, 181, 181
3, 3, 3
0, 0, 0
56, 56, 56
2, 2, 2
91, 91, 91
90, 90, 90
64, 64, 64
0, 0, 0
0, 0, 0
0, 0, 0
18, 18, 18
111, 111, 111
255, 255, 255
179, 179, 179
73, 73, 73
0, 0, 0
0, 0, 0
10, 10, 10
191, 191, 191
255, 255, 255
253, 253, 253
205, 205, 205
10, 10, 10
64, 64, 64
241, 241, 241
10, 10, 10
73, 73, 73
255, 255, 255
25, 25, 25
47, 47, 47
249, 249, 249
27, 27, 27
55, 55, 55
149, 149, 149
0, 0, 0
56, 56, 56
177, 177, 177
255, 255, 255
216, 216, 216
22, 22, 22
13, 13, 13
203, 203, 203
210, 210, 210
0, 0, 0
109, 109, 109
226, 226, 226
246, 246, 246
202, 202, 202
120, 120, 120
44, 44, 44
0, 0, 0
0, 0, 0
66, 66, 66
200, 200, 200
152, 152, 152
0, 0, 0
71, 71, 71
44, 44, 44
1, 1, 1
36, 36, 36
72, 72, 72
145, 145, 145
17, 17, 17
53, 53, 53
249, 249, 249
30, 30, 30
37, 37, 37
253, 253, 253
81, 81, 81
8, 8, 8
217, 217, 217
81, 81, 81
1, 1, 1
0, 0, 0
42, 42, 42
246, 246, 246
193, 193, 193
74, 74, 74
0, 0, 0
4, 4, 4
180, 180, 180
219, 219, 219
42, 42, 42
1, 1, 1
60, 60, 60
0, 0, 0
32, 32, 32
168, 168, 168
176, 176, 176
11, 11, 11
6, 6, 6
53, 53, 53
3, 3, 3
0, 0, 0
0, 0, 0
38, 38, 38
248, 248, 248
100, 100, 100
0, 0, 0
27, 27, 27
18, 18, 18
0, 0, 0
0, 0, 0
4, 4, 4
214, 214, 214
142, 142, 142
0, 0, 0
193, 193, 193
192, 192, 192
0, 0, 0
29, 29, 29
9, 9, 9
6, 6, 6
59, 59, 59
228, 228, 228
183, 183, 183
0, 0, 0
0, 0, 0
88, 88, 88
214, 214, 214
254, 254, 254
44, 44, 44
0, 0, 0
2, 2, 2
0, 0, 0
108, 108, 108
38, 38, 38
0, 0, 0
0, 0, 0
27, 27, 27
208, 208, 208
236, 236, 236
99, 99, 99
1, 1, 1
0, 0, 0
155, 155, 155
161, 161, 161
0, 0, 0
59, 59, 59
242, 242, 242
99, 99, 99
3, 3, 3
79, 79, 79
0, 0, 0
157, 157, 157
233, 233, 233
0, 0, 0
148, 148, 148
218, 218, 218
1, 1, 1
0, 0, 0
25, 25, 25
151, 151, 151
231, 231, 231
196, 196, 196
22, 22, 22
17, 17, 17
207, 207, 207
246, 246, 246
172, 172, 172
58, 58, 58
0, 0, 0
141, 141, 141
63, 63, 63
0, 0, 0
190, 190, 190
63, 63, 63
0, 0, 0
0, 0, 0
192, 192, 192
207, 207, 207
33, 33, 33
0, 0, 0
4, 4, 4
0, 0, 0
173, 173, 173
50, 50, 50
4, 4, 4
222, 222, 222
193, 193, 193
1, 1, 1
9, 9, 9
38, 38, 38
0, 0, 0
85, 85, 85
122, 122, 122
0, 0, 0
22, 22, 22
38, 38, 38
3, 3, 3
13, 13, 13
0, 0, 0
0, 0, 0
16, 16, 16
1, 1, 1
17, 17, 17
193, 193, 193
216, 216, 216
33, 33, 33
0, 0, 0
3, 3, 3
139, 139, 139
255, 255, 255
54, 54, 54
6, 6, 6
0, 0, 0
0, 0, 0
80, 80, 80
191, 191, 191
244, 244, 244
37, 37, 37
4, 4, 4
145, 145, 145
63, 63, 63
0, 0, 0
194, 194, 194
31, 31, 31
33, 33, 33
255, 255, 255
113, 113, 113
0, 0, 0
0, 0, 0
27, 27, 27
34, 34, 34
0, 0, 0
0, 0, 0
6, 6, 6
37, 37, 37
14, 14, 14
0, 0, 0
147, 147, 147
167, 167, 167
124, 124, 124
39, 39, 39
0, 0, 0
72, 72, 72
204, 204, 204
52, 52, 52
7, 7, 7
144, 144, 144
230, 230, 230
240, 240, 240
114, 114, 114
0, 0, 0
51, 51, 51
16, 16, 16
200, 200, 200
244, 244, 244
168, 168, 168
47, 47, 47
0, 0, 0
162, 162, 162
160, 160, 160
1, 1, 1
117, 117, 117
236, 236, 236
7, 7, 7
44, 44, 44
255, 255, 255
98, 98, 98
14, 14, 14
201, 201, 201
251, 251, 251
251, 251, 251
206, 206, 206
176, 176, 176
222, 222, 222
252, 252, 252
212, 212, 212
13, 13, 13
64, 64, 64
168, 168, 168
210, 210, 210
250, 250, 250
104, 104, 104
0, 0, 0
0, 0, 0
0, 0, 0
38, 38, 38
202, 202, 202
106, 106, 106
17, 17, 17
0, 0, 0
0, 0, 0
31, 31, 31
155, 155, 155
241, 241, 241
46, 46, 46
0, 0, 0
8, 8, 8
131, 131, 131
255, 255, 255
22, 22, 22
29, 29, 29
251, 251, 251
116, 116, 116
0, 0, 0
106, 106, 106
246, 246, 246
33, 33, 33
26, 26, 26
150, 150, 150
72, 72, 72
69, 69, 69
153, 153, 153
190, 190, 190
131, 131, 131
55, 55, 55
79, 79, 79
28, 28, 28
0, 0, 0
0, 0, 0
0, 0, 0
136, 136, 136
255, 255, 255
183, 183, 183
134, 134, 134
74, 74, 74
0, 0, 0
0, 0, 0
0, 0, 0
35, 35, 35
136, 136, 136
39, 39, 39
0, 0, 0
247, 247, 247
59, 59, 59
0, 0, 0
138, 138, 138
234, 234, 234
235, 235, 235
111, 111, 111
0, 0, 0
105, 105, 105
167, 167, 167
0, 0, 0
59, 59, 59
241, 241, 241
94, 94, 94
0, 0, 0
0, 0, 0
0, 0, 0
28, 28, 28
30, 30, 30
0, 0, 0
0, 0, 0
0, 0, 0
39, 39, 39
23, 23, 23
0, 0, 0
34, 34, 34
179, 179, 179
74, 74, 74
0, 0, 0
68, 68, 68
158, 158, 158
194, 194, 194
249, 249, 249
165, 165, 165
11, 11, 11
0, 0, 0
4, 4, 4
60, 60, 60
44, 44, 44
0, 0, 0
45, 45, 45
0, 0, 0
127, 127, 127
255, 255, 255
110, 110, 110
17, 17, 17
0, 0, 0
0, 0, 0
111, 111, 111
80, 80, 80
0, 0, 0
207, 207, 207
217, 217, 217
0, 0, 0
79, 79, 79
185, 185, 185
213, 213, 213
255, 255, 255
255, 255, 255
214, 214, 214
184, 184, 184
227, 227, 227
255, 255, 255
237, 237, 237
19, 19, 19
24, 24, 24
193, 193, 193
255, 255, 255
100, 100, 100
0, 0, 0
0, 0, 0
0, 0, 0
58, 58, 58
236, 236, 236
230, 230, 230
175, 175, 175
117, 117, 117
7, 7, 7
0, 0, 0
0, 0, 0
15, 15, 15
117, 117, 117
255, 255, 255
100, 100, 100
0, 0, 0
0, 0, 0
0, 0, 0
0, 0, 0
177, 177, 177
66, 66, 66
6, 6, 6
246, 246, 246
188, 188, 188
0, 0, 0
86, 86, 86
190, 190, 190
154, 154, 154
73, 73, 73
71, 71, 71
151, 151, 151
188, 188, 188
132, 132, 132
64, 64, 64
78, 78, 78
5, 5, 5
0, 0, 0
0, 0, 0
120, 120, 120
251, 251, 251
228, 228, 228
198, 198, 198
118, 118, 118
0, 0, 0
28, 28, 28
139, 139, 139
182, 182, 182
237, 237, 237
220, 220, 220
47, 47, 47
0, 0, 0
245, 245, 245
245, 245, 245
118, 118, 118
0, 0, 0
54, 54, 54
15, 15, 15
0, 0, 0
129, 129, 129
251, 251, 251
21, 21, 21
15, 15, 15
255, 255, 255
159, 159, 159
0, 0, 0
0, 0, 0
0, 0, 0
0, 0, 0
12, 12, 12
14, 14, 14
0, 0, 0
0, 0, 0
0, 0, 0
3, 3, 3
0, 0, 0
66, 66, 66
0, 0, 0
3, 3, 3
0, 0, 0
43, 43, 43
95, 95, 95
147, 147, 147
253, 253, 253
173, 173, 173
19, 19, 19
0, 0, 0
0, 0, 0
15, 15, 15
176, 176, 176
252, 252, 252
185, 185, 185
130, 130, 130
15, 15, 15
0, 0, 0
24, 24, 24
204, 204, 204
25, 25, 25
13, 13, 13
245, 245, 245
128, 128, 128
0, 0, 0
93, 93, 93
235, 235, 235
41, 41, 41
30, 30, 30
183, 183, 183
155, 155, 155
186, 186, 186
241, 241, 241
242, 242, 242
189, 189, 189
156, 156, 156
210, 210, 210
158, 158, 158
1, 1, 1
195, 195, 195
96, 96, 96
15, 15, 15
91, 91, 91
5, 5, 5
0, 0, 0
0, 0, 0
58, 58, 58
234, 234, 234
241, 241, 241
206, 206, 206
158, 158, 158
24, 24, 24
0, 0, 0
112, 112, 112
176, 176, 176
0, 0, 0
68, 68, 68
61, 61, 61
14, 14, 14
231, 231, 231
97, 97, 97
9, 9, 9
131, 131, 131
0, 0, 0
55, 55, 55
242, 242, 242
87, 87, 87
0, 0, 0
28, 28, 28
139, 139, 139
192, 192, 192
157, 157, 157
78, 78, 78
70, 70, 70
152, 152, 152
190, 190, 190
135, 135, 135
52, 52, 52
0, 0, 0
184, 184, 184
189, 189, 189
0, 0, 0
188, 188, 188
100, 100, 100
0, 0, 0
76, 76, 76
5, 5, 5
13, 13, 13
83, 83, 83
127, 127, 127
213, 213, 213
225, 225, 225
65, 65, 65
0, 0, 0
0, 0, 0
1, 1, 1
232, 232, 232
145, 145, 145
0, 0, 0
200, 200, 200
135, 135, 135
0, 0, 0
43, 43, 43
0, 0, 0
175, 175, 175
255, 255, 255
24, 24, 24
7, 7, 7
27, 27, 27
0, 0, 0
0, 0, 0
0, 0, 0
0, 0, 0
5, 5, 5
0, 0, 0
0, 0, 0
0, 0, 0
0, 0, 0
7, 7, 7
225, 225, 225
151, 151, 151
0, 0, 0
163, 163, 163
205, 205, 205
10, 10, 10
47, 47, 47
120, 120, 120
48, 48, 48
0, 0, 0
0, 0, 0
6, 6, 6
186, 186, 186
255, 255, 255
223, 223, 223
179, 179, 179
29, 29, 29
248, 248, 248
88, 88, 88
8, 8, 8
231, 231, 231
73, 73, 73
28, 28, 28
72, 72, 72
0, 0, 0
209, 209, 209
247, 247, 247
8, 8, 8
84, 84, 84
132, 132, 132
0, 0, 0
0, 0, 0
2, 2, 2
93, 93, 93
232, 232, 232
81, 81, 81
0, 0, 0
0, 0, 0
0, 0, 0
104, 104, 104
249, 249, 249
36, 36, 36
0, 0, 0
42, 42, 42
233, 233, 233
190, 190, 190
5, 5, 5
47, 47, 47
250, 250, 250
74, 74, 74
6, 6, 6
31, 31, 31
0, 0, 0
65, 65, 65
116, 116, 116
165, 165, 165
69, 69, 69
255, 255, 255
32, 32, 32
41, 41, 41
245, 245, 245
28, 28, 28
38, 38, 38
40, 40, 40
0, 0, 0
239, 239, 239
182, 182, 182
0, 0, 0
28, 28, 28
0, 0, 0
31, 31, 31
168, 168, 168
224, 224, 224
255, 255, 255
148, 148, 148
0, 0, 0
29, 29, 29
63, 63, 63
0, 0, 0
181, 181, 181
177, 177, 177
0, 0, 0
72, 72, 72
3, 3, 3
40, 40, 40
246, 246, 246
110, 110, 110
0, 0, 0
227, 227, 227
144, 144, 144
0, 0, 0
103, 103, 103
91, 91, 91
8, 8, 8
0, 0, 0
0, 0, 0
37, 37, 37
254, 254, 254
71, 71, 71
13, 13, 13
234, 234, 234
81, 81, 81
0, 0, 0
0, 0, 0
89, 89, 89
191, 191, 191
27, 27, 27
0, 0, 0
0, 0, 0
48, 48, 48
230, 230, 230
216, 216, 216
135, 135, 135
64, 64, 64
0, 0, 0
58, 58, 58
243, 243, 243
177, 177, 177
0, 0, 0
160, 160, 160
183, 183, 183
0, 0, 0
197, 197, 197
137, 137, 137
0, 0, 0
162, 162, 162
179, 179, 179
0, 0, 0
145, 145, 145
249, 249, 249
52, 52, 52
1, 1, 1
157, 157, 157
231, 231, 231
24, 24, 24
37, 37, 37
0, 0, 0
207, 207, 207
167, 167, 167
0, 0, 0
171, 171, 171
173, 173, 173
0, 0, 0
59, 59, 59
168, 168, 168
9, 9, 9
0, 0, 0
85, 85, 85
146, 146, 146
250, 250, 250
186, 186, 186
3, 3, 3
0, 0, 0
18, 18, 18
105, 105, 105
246, 246, 246
163, 163, 163
20, 20, 20
0, 0, 0
152, 152, 152
214, 214, 214
0, 0, 0
170, 170, 170
200, 200, 200
0, 0, 0
96, 96, 96
248, 248, 248
37, 37, 37
4, 4, 4
163, 163, 163
240, 240, 240
45, 45, 45
14, 14, 14
253, 253, 253
83, 83, 83
0, 0, 0
0, 0, 0
184, 184, 184
189, 189, 189
0, 0, 0
158, 158, 158
181, 181, 181
0, 0, 0
47, 47, 47
15, 15, 15
21, 21, 21
192, 192, 192
254, 254, 254
219, 219, 219
139, 139, 139
7, 7, 7
27, 27, 27
183, 183, 183
244, 244, 244
249, 249, 249
160, 160, 160
1, 1, 1
0, 0, 0
13, 13, 13
228, 228, 228
122, 122, 122
0, 0, 0
198, 198, 198
187, 187, 187
0, 0, 0
11, 11, 11
208, 208, 208
220, 220, 220
28, 28, 28
5, 5, 5
226, 226, 226
160, 160, 160
0, 0, 0
215, 215, 215
161, 161, 161
0, 0, 0
4, 4, 4
231, 231, 231
122, 122, 122
0, 0, 0
214, 214, 214
110, 110, 110
0, 0, 0
15, 15, 15
63, 63, 63
216, 216, 216
218, 218, 218
42, 42, 42
0, 0, 0
0, 0, 0
39, 39, 39
218, 218, 218
212, 212, 212
71, 71, 71
13, 13, 13
0, 0, 0
10, 10, 10
0, 0, 0
133, 133, 133
231, 231, 231
7, 7, 7
63, 63, 63
254, 254, 254
72, 72, 72
13, 13, 13
21, 21, 21
21, 21, 21
208, 208, 208
184, 184, 184
0, 0, 0
146, 146, 146
221, 221, 221
0, 0, 0
74, 74, 74
251, 251, 251
121, 121, 121
20, 20, 20
255, 255, 255
81, 81, 81
0, 0, 0
237, 237, 237
80, 80, 80
2, 2, 2
216, 216, 216
255, 255, 255
200, 200, 200
25, 25, 25
0, 0, 0
113, 113, 113
210, 210, 210
255, 255, 255
205, 205, 205
13, 13, 13
0, 0, 0
71, 71, 71
151, 151, 151
188, 188, 188
0, 0, 0
182, 182, 182
182, 182, 182
0, 0, 0
162, 162, 162
196, 196, 196
0, 0, 0
128, 128, 128
195, 195, 195
0, 0, 0
75, 75, 75
242, 242, 242
3, 3, 3
72, 72, 72
255, 255, 255
89, 89, 89
0, 0, 0
102, 102, 102
255, 255, 255
6, 6, 6
220, 220, 220
148, 148, 148
0, 0, 0
184, 184, 184
156, 156, 156
0, 0, 0
73, 73, 73
45, 45, 45
0, 0, 0
4, 4, 4
184, 184, 184
248, 248, 248
151, 151, 151
89, 89, 89
3, 3, 3
6, 6, 6
187, 187, 187
247, 247, 247
192, 192, 192
111, 111, 111
0, 0, 0
150, 150, 150
204, 204, 204
0, 0, 0
159, 159, 159
174, 174, 174
0, 0, 0
183, 183, 183
199, 199, 199
0, 0, 0
29, 29, 29
255, 255, 255
101, 101, 101
0, 0, 0
126, 126, 126
248, 248, 248
88, 88, 88
0, 0, 0
190, 190, 190
0, 0, 0
131, 131, 131
228, 228, 228
0, 0, 0
99, 99, 99
241, 241, 241
14, 14, 14
0, 0, 0
34, 34, 34
121, 121, 121
217, 217, 217
236, 236, 236
44, 44, 44
0, 0, 0
2, 2, 2
61, 61, 61
208, 208, 208
226, 226, 226
36, 36, 36
0, 0, 0
0, 0, 0
0, 0, 0
172, 172, 172
206, 206, 206
0, 0, 0
135, 135, 135
205, 205, 205
0, 0, 0
156, 156, 156
203, 203, 203
0, 0, 0
0, 0, 0
159, 159, 159
254, 254, 254
60, 60, 60
0, 0, 0
162, 162, 162
237, 237, 237
0, 0, 0
104, 104, 104
0, 0, 0
130, 130, 130
224, 224, 224
0, 0, 0
114, 114, 114
221, 221, 221
5, 5, 5
105, 105, 105
252, 252, 252
226, 226, 226
172, 172, 172
42, 42, 42
0, 0, 0
138, 138, 138
235, 235, 235
240, 240, 240
199, 199, 199
40, 40, 40
0, 0, 0
106, 106, 106
14, 14, 14
36, 36, 36
248, 248, 248
103, 103, 103
0, 0, 0
199, 199, 199
162, 162, 162
0, 0, 0
164, 164, 164
215, 215, 215
0, 0, 0
3, 3, 3
6, 6, 6
162, 162, 162
244, 244, 244
27, 27, 27
60, 60, 60
255, 255, 255
33, 33, 33
28, 28, 28
1, 1, 1
208, 208, 208
163, 163, 163
0, 0, 0
187, 187, 187
147, 147, 147
0, 0, 0
182, 182, 182
103, 103, 103
0, 0, 0
0, 0, 0
3, 3, 3
154, 154, 154
247, 247, 247
99, 99, 99
29, 29, 29
0, 0, 0
7, 7, 7
180, 180, 180
210, 210, 210
0, 0, 0
132, 132, 132
234, 234, 234
2, 2, 2
84, 84, 84
251, 251, 251
34, 34, 34
23, 23, 23
245, 245, 245
125, 125, 125
0, 0, 0
115, 115, 115
42, 42, 42
9, 9, 9
181, 181, 181
61, 61, 61
12, 12, 12
249, 249, 249
149, 149, 149
0, 0, 0
1, 1, 1
222, 222, 222
136, 136, 136
0, 0, 0
196, 196, 196
151, 151, 151
0, 0, 0
43, 43, 43
0, 0, 0
78, 78, 78
172, 172, 172
227, 227, 227
246, 246, 246
71, 71, 71
0, 0, 0
0, 0, 0
38, 38, 38
148, 148, 148
252, 252, 252
214, 214, 214
0, 0, 0
137, 137, 137
214, 214, 214
0, 0, 0
168, 168, 168
208, 208, 208
0, 0, 0
120, 120, 120
234, 234, 234
18, 18, 18
0, 0, 0
9, 9, 9
15, 15, 15
0, 0, 0
0, 0, 0
0, 0, 0
0, 0, 0
56, 56, 56
47, 47, 47
0, 0, 0
13, 13, 13
46, 46, 46
12, 12, 12
0, 0, 0
54, 54, 54
45, 45, 45
0, 0, 0
0, 0, 0
109, 109, 109
253, 253, 253
172, 172, 172
99, 99, 99
32, 32, 32
1, 1, 1
92, 92, 92
27, 27, 27
0, 0, 0
0, 0, 0
31, 31, 31
126, 126, 126
1, 1, 1
109, 109, 109
237, 237, 237
0, 0, 0
139, 139, 139
212, 212, 212
0, 0, 0
147, 147, 147
188, 188, 188
0, 0, 0
106, 106, 106
121, 121, 121
52, 52, 52
75, 75, 75
147, 147, 147
152, 152, 152
75, 75, 75
23, 23, 23
60, 60, 60
130, 130, 130
30, 30, 30
0, 0, 0
64, 64, 64
25, 25, 25
0, 0, 0
20, 20, 20
87, 87, 87
175, 175, 175
255, 255, 255
100, 100, 100
0, 0, 0
0, 0, 0
0, 0, 0
29, 29, 29
232, 232, 232
241, 241, 241
183, 183, 183
118, 118, 118
16, 16, 16
0, 0, 0
0, 0, 0
167, 167, 167
208, 208, 208
0, 0, 0
136, 136, 136
229, 229, 229
0, 0, 0
115, 115, 115
219, 219, 219
1, 1, 1
108, 108, 108
235, 235, 235
255, 255, 255
251, 251, 251
214, 214, 214
213, 213, 213
251, 251, 251
252, 252, 252
251, 251, 251
228, 228, 228
0, 0, 0
131, 131, 131
244, 244, 244
19, 19, 19
54, 54, 54
239, 239, 239
231, 231, 231
183, 183, 183
88, 88, 88
0, 0, 0
92, 92, 92
209, 209, 209
134, 134, 134
2, 2, 2
21, 21, 21
119, 119, 119
162, 162, 162
229, 229, 229
213, 213, 213
2, 2, 2
48, 48, 48
248, 248, 248
61, 61, 61
12, 12, 12
228, 228, 228
153, 153, 153
0, 0, 0
158, 158, 158
203, 203, 203
0, 0, 0
0, 0, 0
0, 0, 0
46, 46, 46
26, 26, 26
0, 0, 0
0, 0, 0
31, 31, 31
73, 73, 73
33, 33, 33
0, 0, 0
66, 66, 66
255, 255, 255
187, 187, 187
0, 0, 0
148, 148, 148
153, 153, 153
11, 11, 11
0, 0, 0
0, 0, 0
0, 0, 0
59, 59, 59
134, 134, 134
254, 254, 254
176, 176, 176
24, 24, 24
0, 0, 0
0, 0, 0
11, 11, 11
138, 138, 138
5, 5, 5
140, 140, 140
222, 222, 222
0, 0, 0
99, 99, 99
253, 253, 253
24, 24, 24
45, 45, 45
250, 250, 250
81, 81, 81
7, 7, 7
161, 161, 161
108, 108, 108
26, 26, 26
56, 56, 56
157, 157, 157
155, 155, 155
47, 47, 47
5, 5, 5
51, 51, 51
119, 119, 119
19, 19, 19
39, 39, 39
14, 14, 14
0, 0, 0
51, 51, 51
6, 6, 6
15, 15, 15
163, 163, 163
133, 133, 133
56, 56, 56
19, 19, 19
0, 0, 0
54, 54, 54
224, 224, 224
245, 245, 245
222, 222, 222
173, 173, 173
30, 30, 30
0, 0, 0
1, 1, 1
115, 115, 115
219, 219, 219
0, 0, 0
129, 129, 129
226, 226, 226
0, 0, 0
139, 139, 139
232, 232, 232
0, 0, 0
36, 36, 36
185, 185, 185
235, 235, 235
246, 246, 246
243, 243, 243
209, 209, 209
212, 212, 212
244, 244, 244
240, 240, 240
245, 245, 245
171, 171, 171
75, 75, 75
76, 76, 76
67, 67, 67
0, 0, 0
0, 0, 0
0, 0, 0
1, 1, 1
120, 120, 120
235, 235, 235
255, 255, 255
251, 251, 251
143, 143, 143
0, 0, 0
4, 4, 4
59, 59, 59
104, 104, 104
210, 210, 210
232, 232, 232
72, 72, 72
0, 0, 0
102, 102, 102
238, 238, 238
0, 0, 0
96, 96, 96
241, 241, 241
1, 1, 1
131, 131, 131
220, 220, 220
3, 3, 3
0, 0, 0
0, 0, 0
3, 3, 3
48, 48, 48
24, 24, 24
0, 0, 0
0, 0, 0
35, 35, 35
75, 75, 75
39, 39, 39
1, 1, 1
250, 250, 250
245, 245, 245
254, 254, 254
197, 197, 197
72, 72, 72
33, 33, 33
31, 31, 31
0, 0, 0
16, 16, 16
40, 40, 40
109, 109, 109
248, 248, 248
182, 182, 182
65, 65, 65
27, 27, 27
0, 0, 0
5, 5, 5
185, 185, 185
122, 122, 122
7, 7, 7
214, 214, 214
184, 184, 184
0, 0, 0
135, 135, 135
243, 243, 243
2, 2, 2
120, 120, 120
243, 243, 243
4, 4, 4
59, 59, 59
159, 159, 159
83, 83, 83
27, 27, 27
58, 58, 58
134, 134, 134
125, 125, 125
42, 42, 42
9, 9, 9
0, 0, 0
0, 0, 0
17, 17, 17
8, 8, 8
39, 39, 39
166, 166, 166
243, 243, 243
239, 239, 239
225, 225, 225
53, 53, 53
0, 0, 0
35, 35, 35
0, 0, 0
58, 58, 58
200, 200, 200
239, 239, 239
245, 245, 245
197, 197, 197
35, 35, 35
0, 0, 0
0, 0, 0
14, 14, 14
149, 149, 149
43, 43, 43
17, 17, 17
201, 201, 201
104, 104, 104
0, 0, 0
146, 146, 146
186, 186, 186
0, 0, 0
67, 67, 67
191, 191, 191
234, 234, 234
245, 245, 245
240, 240, 240
205, 205, 205
213, 213, 213
242, 242, 242
93, 93, 93
0, 0, 0
66, 66, 66
75, 75, 75
80, 80, 80
24, 24, 24
0, 0, 0
33, 33, 33
47, 47, 47
37, 37, 37
0, 0, 0
58, 58, 58
255, 255, 255
86, 86, 86
0, 0, 0
0, 0, 0
19, 19, 19
58, 58, 58
211, 211, 211
242, 242, 242
90, 90, 90
42, 42, 42
11, 11, 11
0, 0, 0
0, 0, 0
9, 9, 9
7, 7, 7
0, 0, 0
2, 2, 2
10, 10, 10
11, 11, 11
0, 0, 0
0, 0, 0
0, 0, 0
8, 8, 8
51, 51, 51
30, 30, 30
0, 0, 0
0, 0, 0
42, 42, 42
5, 5, 5
60, 60, 60
255, 255, 255
230, 230, 230
242, 242, 242
212, 212, 212
17, 17, 17
0, 0, 0
0, 0, 0
0, 0, 0
84, 84, 84
241, 241, 241
160, 160, 160
6, 6, 6
52, 52, 52
123, 123, 123
8, 8, 8
0, 0, 0
11, 11, 11
159, 159, 159
237, 237, 237
242, 242, 242
228, 228, 228
75, 75, 75
0, 0, 0
0, 0, 0
45, 45, 45
161, 161, 161
110, 110, 110
5, 5, 5
0, 0, 0
74, 74, 74
74, 74, 74
1, 1, 1
58, 58, 58
7, 7, 7
0, 0, 0
111, 111, 111
84, 84, 84
0, 0, 0
0, 0, 0
173, 173, 173
215, 215, 215
4, 4, 4
21, 21, 21
46, 46, 46
0, 0, 0
94, 94, 94
54, 54, 54
9, 9, 9
245, 245, 245
165, 165, 165
0, 0, 0
29, 29, 29
234, 234, 234
216, 216, 216
3, 3, 3
70, 70, 70
46, 46, 46
0, 0, 0
6, 6, 6
38, 38, 38
88, 88, 88
29, 29, 29
0, 0, 0
28, 28, 28
234, 234, 234
176, 176, 176
7, 7, 7
0, 0, 0
0, 0, 0
225, 225, 225
154, 154, 154
0, 0, 0
202, 202, 202
164, 164, 164
0, 0, 0
143, 143, 143
254, 254, 254
27, 27, 27
2, 2, 2
232, 232, 232
113, 113, 113
62, 62, 62
0, 0, 0
0, 0, 0
92, 92, 92
206, 206, 206
16, 16, 16
60, 60, 60
255, 255, 255
35, 35, 35
32, 32, 32
224, 224, 224
192, 192, 192
27, 27, 27
9, 9, 9
214, 214, 214
146, 146, 146
0, 0, 0
79, 79, 79
20, 20, 20
0, 0, 0
35, 35, 35
148, 148, 148
240, 240, 240
208, 208, 208
13, 13, 13
41, 41, 41
107, 107, 107
0, 0, 0
181, 181, 181
211, 211, 211
1, 1, 1
76, 76, 76
252, 252, 252
68, 68, 68
10, 10, 10
219, 219, 219
140, 140, 140
0, 0, 0
140, 140, 140
21, 21, 21
22, 22, 22
0, 0, 0
70, 70, 70
167, 167, 167
31, 31, 31
12, 12, 12
191, 191, 191
194, 194, 194
0, 0, 0
145, 145, 145
233, 233, 233
10, 10, 10
18, 18, 18
191, 191, 191
231, 231, 231
36, 36, 36
17, 17, 17
146, 146, 146
25, 25, 25
42, 42, 42
234, 234, 234
213, 213, 213
102, 102, 102
15, 15, 15
5, 5, 5
201, 201, 201
178, 178, 178
0, 0, 0
40, 40, 40
242, 242, 242
105, 105, 105
0, 0, 0
195, 195, 195
194, 194, 194
0, 0, 0
152, 152, 152
181, 181, 181
0, 0, 0
5, 5, 5
1, 1, 1
300, 300, 300