193, 193, 193
193, 193, 193
193, 193, 193
193, 193, 193
193, 193, 193
193, 193, 193
193, 193, 193
193, 193, 193
193, 193, 193
193, 193, 193
193, 193, 193
193, 193, 193
193, 193, 193
193, 193, 193
193, 193, 193
193, 193, 193
193, 193, 193
193, 193, 193
193, 193, 193
193, 193, 193
193, 193, 193
193, 193, 193
193, 193, 193
193, 193, 193
193, 193, 193
193, 193, 193
193, 193, 193
193, 193, 193
193, 193, 193
207, 207, 207
155, 182, 182
70, 17, 18
223, 0, 0
224, 0, 0
211, 1, 3
215, 0, 1
214, 0, 0
214, 0, 0
214, 0, 0
214, 0, 0
190, 196, 202
190, 197, 203
190, 197, 204
190, 197, 202
202, 204, 203
192, 199, 204
190, 197, 204
191, 198, 204
190, 196, 203
190, 196, 202
190, 196, 202
190, 196, 202
187, 196, 202
194, 202, 205
202, 201, 201
190, 190, 190
192, 192, 192
192, 192, 192
192, 192, 192
192, 192, 192
192, 192, 192
192, 192, 192
192, 192, 192
192, 192, 192
191, 191, 191
194, 194, 194
203, 203, 203
192, 192, 192
191, 191, 191
205, 206, 205
158, 181, 183
68, 24, 16
208, 2, 0
231, 4, 1
215, 8, 0
216, 7, 0
216, 7, 0
216, 7, 0
216, 7, 0
216, 7, 0
60, 57, 66
60, 57, 66
63, 58, 66
61, 58, 65
54, 55, 60
64, 57, 64
64, 58, 67
59, 58, 66
60, 57, 66
60, 57, 66
60, 57, 65
58, 57, 65
68, 58, 68
64, 55, 61
53, 55, 53
59, 60, 59
58, 58, 58
58, 58, 58
58, 58, 58
58, 58, 58
58, 58, 58
58, 58, 58
58, 58, 58
58, 58, 58
58, 58, 58
58, 58, 58
54, 54, 54
59, 59, 59
59, 59, 59
64, 64, 64
55, 61, 62
27, 14, 13
58, 4, 8
64, 7, 12
61, 6, 12
58, 7, 12
58, 7, 11
58, 7, 11
58, 7, 11
58, 7, 11
198, 115, 0
198, 114, 0
205, 121, 0
175, 105, 6
48, 19, 8
176, 103, 8
204, 124, 0
197, 114, 0
198, 115, 0
198, 115, 0
198, 115, 0
197, 115, 0
211, 128, 5
136, 62, 0
54, 49, 54
207, 207, 205
191, 193, 194
190, 190, 190
190, 190, 190
190, 190, 190
190, 190, 190
190, 190, 190
190, 190, 190
190, 190, 190
202, 202, 202
164, 164, 164
44, 44, 44
187, 187, 187
206, 206, 206
205, 205, 205
197, 195, 179
13, 16, 54
0, 0, 105
0, 3, 116
0, 1, 121
0, 1, 117
0, 1, 117
0, 1, 116
0, 1, 116
0, 1, 116
255, 171, 0
255, 171, 0
255, 179, 0
245, 155, 10
97, 51, 36
246, 153, 15
255, 181, 0
255, 170, 0
255, 171, 0
255, 171, 0
255, 171, 0
255, 171, 0
255, 187, 0
194, 106, 0
93, 88, 99
255, 255, 255
255, 255, 255
255, 255, 255
255, 255, 255
255, 255, 255
255, 255, 255
255, 255, 255
255, 255, 255
255, 255, 255
255, 255, 255
226, 226, 226
83, 83, 83
255, 255, 255
255, 255, 255
255, 255, 255
255, 255, 243
20, 20, 58
0, 0, 131
1, 2, 157
1, 1, 155
1, 0, 150
1, 0, 151
1, 0, 151
1, 0, 151
1, 0, 151
253, 155, 3
253, 155, 2
255, 162, 1
228, 144, 19
81, 49, 36
225, 142, 14
255, 164, 0
253, 155, 2
253, 155, 3
253, 155, 3
253, 155, 2
253, 155, 2
255, 172, 1
180, 96, 0
81, 79, 90
250, 255, 255
241, 243, 242
239, 239, 239
239, 239, 239
239, 239, 239
239, 239, 239
239, 239, 239
239, 239, 239
239, 239, 239
253, 253, 253
207, 207, 207
74, 74, 74
240, 240, 240
255, 255, 255
255, 255, 255
243, 244, 225
18, 18, 52
0, 0, 128
2, 1, 150
0, 0, 140
1, 0, 137
1, 0, 138
1, 0, 138
1, 0, 138
1, 0, 138
255, 156, 0
255, 156, 0
255, 163, 0
228, 143, 17
79, 49, 36
225, 141, 15
255, 164, 0
255, 156, 0
255, 156, 0
255, 156, 0
255, 156, 0
255, 156, 0
255, 173, 0
179, 98, 0
85, 78, 90
254, 255, 255
242, 243, 241
239, 239, 239
239, 239, 239
239, 239, 239
239, 239, 239
239, 239, 239
239, 239, 239
239, 239, 239
253, 253, 253
207, 207, 207
75, 75, 75
239, 239, 239
255, 255, 255
255, 255, 255
242, 243, 225
19, 18, 53
0, 0, 128
3, 1, 145
1, 0, 139
1, 0, 139
1, 0, 139
1, 0, 139
1, 0, 139
1, 0, 139
255, 156, 1
255, 156, 1
255, 163, 0
228, 143, 17
79, 49, 37
226, 141, 16
255, 164, 0
255, 156, 1
255, 156, 1
255, 156, 1
255, 156, 1
255, 156, 0
255, 173, 0
179, 98, 0
84, 79, 89
253, 255, 255
242, 243, 242
239, 239, 239
239, 239, 239
239, 239, 239
239, 239, 239
239, 239, 239
239, 239, 239
239, 239, 239
253, 253, 253
207, 207, 207
75, 75, 75
239, 239, 239
255, 255, 255
255, 255, 255
242, 243, 225
19, 18, 54
0, 0, 128
3, 0, 146
2, 0, 140
1, 0, 139
1, 0, 140
1, 0, 140
1, 0, 140
1, 0, 140
255, 156, 1
255, 156, 1
255, 163, 0
228, 144, 17
79, 49, 37
227, 141, 17
255, 164, 0
255, 156, 1
255, 156, 1
255, 156, 1
255, 156, 1
255, 156, 0
255, 173, 0
179, 97, 0
85, 79, 90
255, 255, 255
245, 246, 245
242, 242, 242
242, 242, 242
242, 242, 242
242, 242, 242
242, 242, 242
242, 242, 242
242, 242, 242
255, 255, 255
210, 210, 210
75, 75, 75
239, 239, 239
255, 255, 255
255, 255, 255
242, 243, 225
19, 18, 54
0, 0, 127
3, 0, 146
2, 0, 140
1, 0, 140
1, 0, 140
1, 0, 140
1, 0, 140
1, 0, 140
255, 156, 1
255, 156, 1
255, 163, 0
228, 144, 16
79, 49, 37
227, 141, 17
255, 163, 0
255, 156, 1
255, 156, 1
255, 156, 1
255, 156, 1
255, 156, 0
255, 173, 0
176, 95, 0
90, 86, 95
255, 255, 255
255, 255, 255
255, 255, 255
255, 255, 255
255, 255, 255
255, 255, 255
255, 255, 255
255, 255, 255
255, 255, 255
255, 255, 255
223, 223, 223
78, 78, 78
238, 238, 238
255, 255, 255
255, 255, 255
242, 243, 224
19, 18, 54
0, 0, 126
3, 1, 144
1, 0, 141
1, 0, 140
1, 0, 140
1, 0, 140
1, 0, 140
1, 0, 140
255, 156, 1
255, 156, 1
255, 163, 0
228, 143, 16
79, 49, 37
227, 141, 17
255, 163, 0
255, 156, 1
255, 156, 1
255, 156, 1
255, 156, 1
255, 156, 0
255, 173, 0
205, 125, 17
37, 32, 41
81, 84, 87
79, 79, 79
78, 78, 78
78, 78, 78
78, 78, 78
78, 78, 78
78, 78, 78
78, 78, 78
78, 78, 78
82, 82, 82
64, 64, 64
61, 61, 61
250, 250, 250
255, 255, 255
255, 255, 255
242, 243, 224
19, 18, 54
0, 0, 127
4, 1, 144
1, 0, 141
1, 0, 140
1, 0, 140
1, 0, 140
1, 0, 140
1, 0, 140
255, 156, 1
255, 156, 1
255, 163, 0
228, 143, 16
79, 49, 37
227, 141, 17
255, 163, 0
255, 156, 1
255, 156, 1
255, 156, 1
255, 156, 1
255, 156, 0
255, 173, 0
191, 110, 8
62, 58, 68
176, 178, 179
168, 169, 168
166, 166, 166
166, 166, 166
166, 166, 166
166, 166, 166
166, 166, 166
166, 166, 166
166, 166, 166
175, 175, 175
144, 144, 144
69, 69, 69
244, 244, 244
255, 255, 255
255, 255, 255
242, 243, 224
19, 18, 54
0, 0, 126
4, 1, 144
1, 0, 141
1, 0, 140
1, 0, 140
1, 0, 140
1, 0, 140
1, 0, 140
255, 156, 1
255, 156, 1
255, 163, 0
228, 144, 16
79, 49, 37
227, 141, 17
255, 163, 0
255, 155, 1
255, 156, 1
255, 156, 1
255, 156, 1
255, 156, 0
255, 173, 0
175, 94, 0
91, 87, 97
255, 255, 255
255, 255, 255
255, 255, 255
255, 255, 255
255, 255, 255
255, 255, 255
255, 255, 255
255, 255, 255
255, 255, 255
255, 255, 255
230, 230, 230
77, 77, 77
237, 237, 237
255, 255, 255
255, 255, 255
242, 243, 224
19, 18, 54
0, 0, 126
4, 1, 145
1, 0, 141
1, 0, 140
1, 0, 140
1, 0, 140
1, 0, 140
1, 0, 140
255, 156, 1
255, 156, 1
255, 163, 0
228, 144, 16
79, 49, 37
227, 141, 17
255, 163, 0
255, 155, 1
255, 156, 1
255, 156, 1
255, 156, 1
255, 156, 0
255, 173, 0
179, 98, 0
84, 79, 89
253, 255, 255
242, 243, 242
239, 239, 239
239, 239, 239
239, 239, 239
239, 239, 239
239, 239, 239
239, 239, 239
239, 239, 239
253, 253, 253
207, 207, 207
75, 75, 75
239, 239, 239
255, 255, 255
255, 255, 255
242, 243, 224
19, 18, 54
0, 0, 127
4, 1, 145
1, 0, 141
1, 0, 140
1, 0, 140
1, 0, 140
1, 0, 140
1, 0, 140
255, 156, 1
255, 156, 1
255, 163, 0
228, 144, 16
78, 49, 37
226, 141, 17
255, 164, 0
255, 156, 1
255, 156, 1
255, 156, 1
255, 156, 1
255, 157, 0
255, 173, 0
178, 98, 0
84, 79, 90
253, 255, 255
242, 243, 242
239, 238, 239
239, 238, 239
239, 238, 239
239, 238, 239
239, 238, 239
239, 238, 239
239, 238, 239
253, 252, 253
207, 207, 207
75, 75, 75
239, 239, 239
255, 255, 255
255, 255, 255
242, 243, 225
19, 18, 53
0, 0, 126
4, 0, 144
1, 0, 141
0, 0, 140
1, 0, 140
1, 0, 140
1, 0, 140
1, 0, 140
255, 155, 1
255, 155, 1
255, 162, 0
226, 145, 15
81, 49, 32
230, 139, 15
255, 164, 1
253, 155, 0
253, 155, 0
253, 155, 0
253, 155, 0
253, 155, 0
255, 173, 2
182, 99, 0
82, 80, 89
255, 255, 255
244, 241, 242
240, 238, 238
240, 238, 239
240, 238, 239
240, 238, 239
240, 238, 239
240, 238, 239
240, 238, 239
253, 252, 253
207, 207, 207
75, 75, 75
239, 239, 239
255, 255, 255
255, 255, 255
242, 243, 224
20, 18, 57
0, 0, 131
1, 1, 144
2, 0, 145
2, 0, 142
2, 0, 142
2, 0, 142
2, 0, 142
2, 0, 142
255, 177, 1
255, 177, 1
255, 184, 0
254, 162, 18
92, 54, 42
252, 158, 23
255, 185, 0
255, 176, 0
255, 176, 0
255, 176, 0
255, 176, 0
255, 176, 0
255, 196, 1
204, 113, 0
93, 91, 104
255, 255, 255
255, 255, 255
255, 255, 255
255, 255, 255
255, 255, 255
255, 255, 255
255, 255, 255
255, 255, 255
255, 255, 255
255, 255, 255
235, 235, 235
85, 85, 85
255, 255, 255
255, 255, 255
255, 255, 255
255, 255, 255
23, 21, 57
0, 0, 141
0, 1, 165
1, 1, 156
2, 2, 157
1, 2, 157
1, 2, 157
1, 2, 157
1, 2, 157
153, 83, 0
153, 83, 0
156, 87, 0
140, 71, 0
61, 36, 32
145, 114, 34
169, 130, 12
166, 124, 13
166, 124, 14
166, 124, 14
166, 124, 14
166, 123, 13
178, 137, 14
109, 80, 10
35, 67, 76
165, 202, 205
160, 189, 191
156, 187, 186
156, 187, 186
156, 187, 186
156, 187, 186
156, 187, 186
156, 187, 186
156, 187, 186
165, 198, 198
138, 167, 168
51, 56, 54
157, 154, 153
168, 168, 168
167, 167, 167
165, 165, 152
9, 8, 40
0, 0, 61
0, 0, 73
0, 0, 75
2, 1, 110
3, 1, 109
3, 1, 109
3, 1, 109
3, 1, 109
85, 91, 108
86, 91, 108
89, 95, 112
87, 93, 112
32, 20, 26
62, 0, 4
79, 0, 11
74, 0, 12
74, 0, 11
74, 0, 11
74, 0, 11
73, 0, 11
77, 0, 13
80, 1, 12
86, 1, 3
77, 0, 0
70, 0, 0
71, 0, 0
71, 0, 0
71, 0, 0
71, 0, 0
71, 0, 0
71, 0, 0
71, 0, 0
77, 0, 0
63, 0, 0
25, 14, 16
61, 68, 69
67, 67, 66
69, 69, 69
52, 52, 51
26, 27, 31
80, 82, 79
92, 92, 84
71, 70, 65
1, 0, 0
1, 1, 0
1, 1, 0
1, 1, 0
1, 1, 0
255, 255, 255
255, 255, 255
255, 255, 255
253, 255, 255
79, 48, 50
186, 0, 0
240, 0, 1
227, 0, 2
226, 0, 2
226, 0, 2
226, 0, 2
226, 0, 2
223, 0, 1
227, 0, 0
233, 0, 0
226, 0, 0
226, 0, 0
226, 0, 0
226, 0, 0
226, 0, 0
226, 0, 0
226, 0, 0
226, 0, 0
227, 0, 0
241, 0, 0
192, 0, 0
71, 41, 47
196, 216, 219
219, 220, 215
228, 227, 227
170, 170, 171
65, 65, 62
220, 220, 214
248, 248, 242
190, 190, 185
0, 0, 0
0, 0, 0
0, 0, 0
0, 0, 0
0, 0, 0
241, 240, 240
240, 240, 240
252, 252, 251
225, 244, 245
75, 44, 47
181, 0, 0
223, 0, 0
208, 1, 0
208, 0, 0
208, 0, 0
208, 0, 0
208, 0, 0
210, 0, 0
210, 0, 0
210, 0, 0
210, 0, 0
209, 0, 0
208, 0, 0
208, 0, 0
208, 0, 0
208, 0, 0
208, 0, 0
208, 0, 0
209, 0, 0
221, 0, 0
181, 0, 0
68, 37, 44
176, 195, 196
197, 198, 194
206, 204, 205
155, 155, 155
57, 57, 57
191, 191, 191
215, 215, 216
165, 165, 165
0, 0, 0
0, 0, 0
0, 0, 0
0, 0, 0
0, 0, 0
239, 239, 239
239, 239, 239
250, 250, 249
224, 242, 243
72, 43, 46
173, 0, 0
220, 0, 0
208, 0, 0
207, 0, 0
207, 0, 0
207, 0, 0
207, 0, 0
208, 0, 0
207, 0, 0
207, 0, 0
208, 0, 0
207, 0, 0
207, 0, 0
207, 0, 0
207, 0, 0
207, 0, 0
207, 0, 0
207, 0, 0
207, 0, 0
221, 0, 0
181, 0, 0
68, 37, 44
174, 195, 195
195, 198, 193
204, 203, 204
154, 154, 154
57, 57, 57
190, 190, 190
214, 214, 214
164, 164, 164
0, 0, 0
0, 0, 0
0, 0, 0
0, 0, 0
0, 0, 0
239, 239, 239
239, 239, 239
250, 250, 249
223, 243, 243
71, 44, 46
173, 0, 0
221, 0, 0
208, 0, 0
208, 0, 0
208, 0, 0
208, 0, 0
208, 0, 0
208, 0, 0
208, 0, 0
208, 0, 0
208, 0, 0
208, 0, 0
208, 0, 0
208, 0, 0
208, 0, 0
208, 0, 0
208, 0, 0
208, 0, 0
208, 0, 0
221, 0, 0
176, 0, 0
64, 38, 44
176, 194, 196
196, 197, 193
203, 203, 203
154, 154, 154
57, 57, 57
190, 190, 190
214, 214, 214
164, 164, 164
0, 0, 0
0, 0, 0
0, 0, 0
0, 0, 0
0, 0, 0
239, 239, 239
239, 239, 239
251, 250, 249
224, 242, 243
72, 44, 47
174, 0, 0
221, 0, 0
208, 0, 0
208, 0, 0
208, 0, 0
208, 0, 0
208, 0, 0
208, 0, 0
208, 0, 0
208, 0, 0
208, 0, 0
208, 0, 0
208, 0, 0
208, 0, 0
208, 0, 0
208, 0, 0
208, 0, 0
208, 0, 0
208, 0, 0
220, 0, 0
176, 0, 0
65, 38, 44
176, 194, 196
196, 197, 193
203, 203, 203
154, 154, 154
57, 57, 57
190, 190, 190
214, 214, 214
164, 164, 164
0, 0, 0
0, 0, 0
0, 0, 0
0, 0, 0
0, 0, 0
239, 239, 239
239, 239, 239
251, 250, 249
224, 242, 243
72, 43, 47
172, 0, 0
219, 0, 0
209, 0, 0
208, 0, 0
208, 0, 0
208, 0, 0
208, 0, 0
208, 0, 0
208, 0, 0
208, 0, 0
208, 0, 0
208, 0, 0
208, 0, 0
208, 0, 0
208, 0, 0
208, 0, 0
208, 0, 0
208, 0, 0
208, 0, 0
220, 0, 0
173, 0, 0
68, 42, 47
196, 215, 217
218, 219, 215
226, 226, 226
171, 171, 171
63, 63, 63
210, 210, 210
238, 238, 238
182, 182, 182
0, 0, 0
0, 0, 0
0, 0, 0
0, 0, 0
0, 0, 0
239, 239, 239
239, 239, 239
251, 250, 249
224, 242, 243
72, 43, 47
173, 0, 0
219, 0, 0
208, 0, 0
208, 0, 0
208, 0, 0
208, 0, 0
208, 0, 0
208, 0, 0
208, 0, 0
208, 0, 0
208, 0, 0
208, 0, 0
208, 0, 0
208, 0, 0
208, 0, 0
208, 0, 0
208, 0, 0
208, 0, 0
208, 0, 0
220, 0, 0
179, 0, 1
61, 35, 40
149, 167, 169
167, 168, 165
172, 172, 173
135, 135, 135
55, 55, 55
164, 164, 164
182, 182, 182
141, 141, 141
0, 0, 0
0, 0, 0
0, 0, 0
0, 0, 0
0, 0, 0
239, 239, 239
239, 239, 239
251, 250, 249
224, 242, 243
72, 44, 47
174, 0, 0
219, 0, 0
208, 0, 0
208, 0, 0
208, 0, 0
208, 0, 0
208, 0, 0
208, 0, 0
208, 0, 0
208, 0, 0
208, 0, 0
208, 0, 0
208, 0, 0
208, 0, 0
208, 0, 0
208, 0, 0
208, 0, 0
208, 0, 0
208, 0, 0
220, 0, 0
199, 7, 8
31, 6, 11
0, 0, 1
0, 0, 0
0, 0, 0
0, 0, 0
4, 4, 4
0, 0, 0
0, 0, 0
0, 0, 0
33, 33, 33
91, 91, 91
85, 85, 85
84, 84, 84
84, 84, 84
239, 239, 239
239, 239, 239
251, 250, 249
224, 242, 243
72, 43, 47
174, 0, 0
221, 0, 0
208, 0, 0
208, 0, 0
208, 0, 0
208, 0, 0
208, 0, 0
208, 0, 0
208, 0, 0
208, 0, 0
208, 0, 0
208, 0, 0
208, 0, 0
208, 0, 0
208, 0, 0
208, 0, 0
208, 0, 0
208, 0, 0
208, 0, 0
220, 0, 0
200, 9, 9
29, 4, 7
0, 0, 0
0, 0, 0
0, 0, 0
0, 0, 0
0, 0, 0
0, 0, 0
0, 0, 0
0, 0, 0
87, 87, 87
255, 255, 255
255, 255, 255
255, 255, 255
255, 255, 255
239, 239, 239
239, 239, 239
251, 250, 249
224, 242, 243
72, 43, 47
174, 0, 0
220, 0, 0
208, 0, 0
208, 0, 0
208, 0, 0
208, 0, 0
208, 0, 0
208, 0, 0
208, 0, 0
208, 0, 0
208, 0, 0
208, 0, 0
208, 0, 0
208, 0, 0
208, 0, 0
208, 0, 0
208, 0, 0
208, 0, 0
208, 0, 0
220, 0, 0
200, 8, 10
32, 6, 9
0, 0, 1
0, 0, 0
0, 0, 0
0, 0, 0
0, 0, 0
0, 0, 0
0, 0, 0
0, 0, 0
75, 75, 75
255, 255, 255
246, 246, 246
242, 242, 242
242, 242, 242
239, 239, 239
239, 239, 239
251, 250, 249
224, 242, 243
72, 43, 47
174, 0, 0
219, 0, 0
208, 0, 0
208, 0, 0
208, 0, 0
208, 0, 0
208, 0, 0
208, 0, 0
208, 0, 0
208, 0, 0
208, 0, 0
208, 0, 0
208, 0, 0
208, 0, 0
208, 0, 0
208, 0, 0
208, 0, 0
208, 0, 0
208, 0, 0
220, 0, 0
200, 8, 11
32, 6, 9
0, 0, 1
0, 0, 0
0, 0, 0
0, 0, 0
0, 0, 0
0, 0, 0
0, 0, 0
0, 0, 0
74, 74, 74
255, 255, 255
243, 243, 243
239, 239, 239
239, 239, 239
239, 239, 239
239, 239, 239
251, 250, 249
224, 242, 243
72, 44, 47
174, 0, 0
221, 0, 0
208, 0, 0
208, 0, 0
208, 0, 0
208, 0, 0
208, 0, 0
208, 0, 0
208, 0, 0
208, 0, 0
208, 0, 0
208, 0, 0
208, 0, 0
208, 0, 0
208, 0, 0
208, 0, 0
208, 0, 0
208, 0, 0
208, 0, 0
220, 0, 0
200, 8, 11
32, 6, 9
0, 0, 1
0, 0, 0
0, 0, 0
0, 0, 0
0, 0, 0
0, 0, 0
0, 0, 0
0, 0, 0
74, 74, 74
255, 255, 255
243, 243, 243
239, 239, 239
239, 239, 239
239, 239, 239
239, 239, 239
251, 250, 249
224, 242, 243
72, 44, 47
174, 0, 0
220, 0, 0
208, 0, 0
208, 0, 0
208, 0, 0
208, 0, 0
208, 0, 0
208, 0, 0
208, 0, 0
208, 0, 0
208, 0, 0
208, 0, 0
208, 0, 0
208, 0, 0
208, 0, 0
208, 0, 0
208, 0, 0
208, 0, 0
208, 0, 0
220, 0, 0
200, 8, 11
32, 6, 9
0, 0, 1
0, 0, 0
0, 0, 0
0, 0, 0
0, 0, 0
0, 0, 0
0, 0, 0
0, 0, 0
74, 74, 74
255, 255, 255
243, 243, 243
239, 239, 239
239, 239, 239
249, 249, 249
249, 249, 249
255, 255, 255
235, 254, 255
74, 45, 49
172, 0, 0
219, 0, 0
208, 0, 0
208, 0, 0
208, 0, 0
208, 0, 0
208, 0, 0
208, 0, 0
208, 0, 0
208, 0, 0
208, 0, 0
208, 0, 0
208, 0, 0
208, 0, 0
208, 0, 0
208, 0, 0
208, 0, 0
208, 0, 0
208, 0, 0
220, 0, 0
200, 8, 11
32, 6, 9
0, 0, 1
0, 0, 0
0, 0, 0
0, 0, 0
0, 0, 0
0, 0, 0
0, 0, 0
0, 0, 0
74, 74, 74
255, 255, 255
243, 243, 243
239, 239, 239
239, 239, 239
227, 227, 227
227, 227, 227
238, 238, 237
215, 234, 234
74, 45, 46
175, 0, 0
220, 0, 0
208, 0, 0
208, 0, 0
208, 0, 0
208, 0, 0
208, 0, 0
208, 0, 0
208, 0, 0
208, 0, 0
208, 0, 0
208, 0, 0
208, 0, 0
208, 0, 0
208, 0, 0
208, 0, 0
208, 0, 0
208, 0, 0
208, 0, 0
220, 0, 0
200, 8, 11
32, 6, 9
0, 0, 1
0, 0, 0
0, 0, 0
0, 0, 0
0, 0, 0
0, 0, 0
0, 0, 0
0, 0, 0
74, 74, 74
255, 255, 255
243, 243, 243
239, 239, 239
239, 239, 239
65, 65, 65
65, 65, 65
68, 68, 67
59, 69, 70
49, 20, 21
194, 4, 6
220, 0, 0
208, 0, 0
208, 0, 0
208, 0, 0
208, 0, 0
208, 0, 0
208, 0, 0
208, 0, 0
208, 0, 0
208, 0, 0
208, 0, 0
208, 0, 0
208, 0, 0
208, 0, 0
208, 0, 0
208, 0, 0
208, 0, 0
208, 0, 0
220, 0, 0
200, 8, 11
32, 6, 9
0, 0, 1
0, 0, 0
0, 0, 0
0, 0, 0
0, 0, 0
0, 0, 0
0, 0, 0
0, 0, 0
74, 74, 74
255, 255, 255
243, 243, 243
239, 239, 239
239, 239, 239
161, 161, 161
161, 161, 161
169, 169, 168
146, 164, 165
61, 32, 35
183, 1, 1
219, 0, 0
208, 0, 0
208, 0, 0
208, 0, 0
208, 0, 0
208, 0, 0
208, 0, 0
208, 0, 0
208, 0, 0
208, 0, 0
208, 0, 0
208, 0, 0
208, 0, 0
208, 0, 0
208, 0, 0
208, 0, 0
208, 0, 0
208, 0, 0
220, 0, 0
200, 8, 11
32, 6, 9
0, 0, 1
0, 0, 0
0, 0, 0
0, 0, 0
0, 0, 0
0, 0, 0
0, 0, 0
0, 0, 0
74, 74, 74
255, 255, 255
243, 243, 243
239, 239, 239
239, 239, 239
200, 200, 200
200, 200, 200
210, 209, 208
183, 201, 202
64, 36, 39
177, 0, 0
219, 0, 0
209, 0, 0
208, 0, 0
208, 0, 0
208, 0, 0
208, 0, 0
208, 0, 0
208, 0, 0
208, 0, 0
208, 0, 0
208, 0, 0
208, 0, 0
208, 0, 0
208, 0, 0
208, 0, 0
208, 0, 0
208, 0, 0
208, 0, 0
220, 0, 0
200, 7, 11
32, 6, 9
0, 0, 0
0, 0, 0
0, 0, 0
0, 0, 0
0, 0, 0
0, 0, 0
0, 0, 0
0, 0, 0
74, 74, 74
255, 255, 255
243, 243, 243
239, 239, 239
239, 239, 239
189, 189, 189
189, 189, 189
199, 198, 197
173, 191, 192
63, 35, 38
178, 0, 0
219, 0, 0
209, 0, 0
208, 0, 0
208, 0, 0
208, 0, 0
208, 0, 0
208, 0, 0
208, 0, 0
208, 0, 0
208, 0, 0
208, 0, 0
208, 0, 0
208, 0, 0
208, 0, 0
208, 0, 0
208, 0, 0
208, 0, 0
208, 0, 0
220, 0, 0
200, 8, 11
31, 6, 9
0, 0, 0
0, 0, 0
0, 0, 0
0, 0, 0
0, 0, 0
0, 0, 0
0, 0, 0
0, 0, 0
74, 74, 74
255, 255, 255
243, 243, 243
239, 239, 239
239, 239, 239
189, 189, 189
189, 189, 189
199, 198, 197
173, 191, 192
63, 35, 39
179, 0, 0
220, 0, 0
208, 0, 0
208, 0, 0
208, 0, 0
208, 0, 0
208, 0, 0
208, 0, 0
208, 0, 0
208, 0, 0
208, 0, 0
208, 0, 0
208, 0, 0
208, 0, 0
208, 0, 0
208, 0, 0
208, 0, 0
208, 0, 0
208, 0, 0
220, 0, 0
200, 7, 11
32, 6, 9
0, 0, 0
0, 0, 0
0, 0, 0
0, 0, 0
0, 0, 0
0, 0, 0
0, 0, 0
0, 0, 0
74, 74, 74
255, 255, 255
243, 243, 243
239, 239, 239
239, 239, 239
189, 189, 189
189, 189, 189
198, 198, 197
172, 192, 192
63, 35, 38
179, 0, 0
219, 0, 0
208, 0, 0
208, 0, 0
208, 0, 0
208, 0, 0
208, 0, 0
208, 0, 0
208, 0, 0
208, 0, 0
208, 0, 0
208, 0, 0
208, 0, 0
208, 0, 0
208, 0, 0
208, 0, 0
208, 0, 0
208, 0, 0
208, 0, 0
221, 0, 0
200, 7, 11
32, 6, 9
0, 0, 1
0, 0, 0
0, 0, 0
0, 0, 0
0, 0, 0
0, 0, 0
0, 0, 0
0, 0, 0
74, 74, 74
255, 255, 255
244, 243, 243
240, 239, 239
240, 239, 239
189, 189, 189
189, 189, 189
199, 198, 197
171, 192, 192
61, 36, 38
181, 0, 0
219, 0, 0
206, 0, 2
207, 0, 2
207, 0, 2
207, 0, 2
207, 0, 2
207, 0, 2
207, 0, 2
208, 0, 2
208, 0, 2
208, 0, 2
207, 0, 2
207, 0, 2
207, 0, 2
207, 0, 2
207, 0, 2
207, 0, 2
207, 0, 2
220, 0, 0
200, 8, 10
31, 6, 10
0, 0, 1
1, 2, 0
0, 0, 0
0, 0, 1
0, 0, 0
0, 1, 0
0, 1, 0
0, 0, 0
73, 75, 73
255, 255, 255
240, 244, 241
236, 240, 237
236, 240, 237
189, 189, 189
189, 189, 189
198, 199, 197
170, 190, 193
70, 36, 38
204, 0, 0
242, 0, 0
228, 0, 2
229, 0, 1
229, 0, 1
229, 0, 1
229, 0, 1
229, 0, 1
229, 0, 2
228, 1, 1
228, 1, 2
228, 0, 2
229, 0, 1
229, 0, 1
229, 0, 1
229, 0, 1
229, 0, 1
229, 0, 1
229, 0, 1
243, 0, 0
224, 8, 14
35, 6, 11
0, 0, 0
1, 2, 0
1, 0, 6
0, 1, 6
0, 1, 2
2, 1, 3
2, 1, 3
0, 0, 0
86, 84, 87
255, 255, 255
255, 255, 255
255, 255, 255
255, 255, 255
189, 189, 189
189, 189, 189
196, 199, 197
187, 193, 199
57, 28, 31
88, 0, 0
122, 0, 0
117, 0, 0
116, 0, 0
116, 0, 0
116, 0, 0
116, 0, 0
116, 0, 0
114, 0, 0
121, 0, 0
149, 0, 2
130, 0, 0
125, 0, 0
126, 0, 0
126, 0, 0
126, 0, 0
126, 0, 0
126, 0, 0
126, 0, 0
134, 0, 0
120, 0, 0
0, 0, 0
0, 0, 0
0, 0, 0
0, 0, 0
0, 0, 0
0, 0, 1
0, 0, 0
0, 0, 0
0, 0, 0
23, 35, 57
161, 177, 197
152, 165, 182
149, 162, 179
149, 162, 179
189, 189, 189
189, 189, 189
197, 199, 197
186, 180, 183
48, 46, 49
85, 94, 93
102, 109, 112
94, 103, 104
95, 104, 105
95, 104, 105
95, 104, 105
95, 104, 105
95, 104, 105
99, 108, 109
89, 99, 99
25, 36, 35
67, 77, 77
78, 88, 89
72, 82, 83
72, 83, 84
72, 83, 84
72, 83, 84
72, 83, 84
72, 83, 84
71, 84, 84
78, 84, 81
86, 82, 81
84, 81, 82
81, 87, 85
76, 82, 83
28, 21, 21
92, 55, 17
116, 75, 23
108, 70, 23
110, 69, 25
105, 64, 19
92, 52, 5
91, 52, 4
92, 53, 4
92, 53, 4
189, 189, 189
189, 189, 189
198, 198, 198
164, 163, 163
69, 71, 70
248, 255, 255
255, 255, 255
255, 255, 255
255, 255, 255
255, 255, 255
255, 255, 255
255, 255, 255
255, 255, 255
255, 255, 255
245, 255, 255
66, 75, 75
185, 194, 195
220, 229, 229
209, 218, 218
209, 218, 218
209, 218, 218
209, 218, 218
209, 218, 218
209, 218, 218
209, 219, 219
208, 219, 218
217, 219, 219
218, 220, 217
226, 227, 229
209, 217, 228
57, 53, 54
239, 141, 6
255, 196, 11
255, 181, 14
255, 182, 13
255, 178, 10
255, 172, 4
255, 173, 5
255, 173, 5
255, 173, 5
189, 189, 189
189, 189, 189
198, 198, 198
167, 167, 167
65, 65, 65
223, 222, 222
253, 253, 252
241, 241, 240
241, 240, 240
241, 240, 240
241, 240, 240
241, 240, 240
241, 240, 240
253, 253, 252
221, 221, 221
65, 65, 65
169, 169, 169
199, 199, 199
191, 190, 190
190, 190, 190
190, 190, 190
190, 190, 190
190, 190, 190
190, 190, 190
190, 190, 190
190, 190, 190
190, 190, 190
190, 191, 188
196, 196, 198
181, 188, 200
51, 47, 48
214, 122, 0
255, 169, 0
255, 157, 0
255, 157, 0
255, 157, 0
255, 157, 0
255, 157, 0
255, 157, 0
255, 157, 0
189, 189, 189
189, 189, 189
198, 198, 198
167, 167, 167
65, 65, 65
221, 221, 221
251, 251, 251
239, 239, 239
239, 239, 239
239, 239, 239
239, 239, 239
239, 239, 239
239, 239, 239
251, 251, 251
220, 220, 220
65, 65, 65
168, 168, 168
198, 198, 198
189, 189, 189
189, 189, 189
189, 189, 189
189, 189, 189
189, 189, 189
189, 189, 189
189, 189, 189
189, 189, 189
189, 189, 189
189, 189, 187
195, 196, 197
180, 187, 198
51, 47, 48
211, 121, 0
255, 166, 0
254, 154, 1
254, 154, 1
254, 154, 1
254, 154, 1
254, 154, 1
254, 154, 1
254, 154, 1
189, 189, 189
189, 189, 189
198, 198, 198
167, 167, 167
65, 65, 65
221, 221, 221
251, 251, 251
239, 239, 239
239, 239, 239
239, 239, 239
239, 239, 239
239, 239, 239
239, 239, 239
251, 251, 251
220, 220, 220
65, 65, 65
168, 168, 168
198, 198, 198
189, 189, 189
189, 189, 189
189, 189, 189
189, 189, 189
189, 189, 189
189, 189, 189
189, 189, 189
189, 189, 189
189, 189, 189
188, 190, 187
197, 196, 195
183, 187, 194
52, 46, 46
212, 121, 0
255, 168, 0
254, 156, 1
254, 156, 1
254, 156, 1
254, 156, 1
254, 156, 1
255, 154, 1
255, 154, 1
189, 189, 189
189, 189, 189
198, 198, 198
167, 167, 167
65, 65, 65
221, 221, 221
251, 251, 251
239, 239, 239
239, 239, 239
239, 239, 239
239, 239, 239
239, 239, 239
239, 239, 239
251, 251, 251
220, 220, 220
65, 65, 65
168, 168, 168
198, 198, 198
189, 189, 189
189, 189, 189
189, 189, 189
189, 189, 189
189, 189, 189
189, 189, 189
189, 189, 189
189, 189, 189
189, 189, 189
188, 190, 187
197, 196, 195
183, 187, 194
52, 46, 46
212, 122, 0
255, 169, 0
255, 156, 1
255, 156, 1
255, 156, 1
255, 156, 1
255, 156, 1
255, 156, 1
255, 156, 1
189, 189, 189
189, 189, 189
198, 198, 198
167, 167, 167
65, 65, 65
221, 221, 221
251, 251, 251
239, 239, 239
239, 239, 239
239, 239, 239
239, 239, 239
239, 239, 239
239, 239, 239
251, 251, 251
220, 220, 220
65, 65, 65
168, 168, 168
198, 198, 198
189, 189, 189
189, 189, 189
189, 189, 189
189, 189, 189
189, 189, 189
189, 189, 189
189, 189, 189
189, 189, 189
189, 189, 189
188, 190, 187
197, 196, 195
183, 187, 194
52, 46, 46
212, 122, 0
255, 169, 0
255, 156, 1
255, 156, 1
255, 156, 1
255, 156, 1
255, 156, 1
255, 156, 1
255, 156, 1
300, 300, 300